# Obj file Generated by Strata Design 3D CX(TM): http://www.strata.com
mtllib Cruiser, Gaitori Shape.mtl
v 130.695099 29.975189 -92.956985
v 139.210403 29.975189 -84.441673
v 139.210403 -2.451185 -84.441673
v 130.695099 -2.451185 -92.956985
v 129.383408 29.975189 -91.645287
v 129.383408 -2.451185 -91.645287
v 137.898712 29.975189 -83.129974
v 137.898712 -2.451185 -83.129974
v 140.749481 29.523689 -92.956985
v 148.848022 26.892311 -84.441673
v 138.827713 -3.947019 -84.441673
v 130.729172 -1.315643 -92.956985
v 139.501984 29.929024 -91.645287
v 129.481674 -0.910306 -91.645287
v 147.600525 27.297649 -83.129974
v 137.580215 -3.541682 -83.129974
v 150.172226 25.987297 -92.956985
v 157.061264 20.982121 -84.441673
v 138.001511 -5.251379 -84.441673
v 131.112473 -0.246205 -92.956985
v 149.111038 26.758293 -91.645287
v 130.051285 0.524792 -91.645287
v 156.000076 21.753120 -83.129974
v 136.940323 -4.480382 -83.129974
v 158.041000 19.712196 -92.956985
v 163.046173 12.823165 -84.441673
v 136.812668 -6.236588 -84.441673
v 131.807495 0.652443 -92.956985
v 157.270004 20.773384 -91.645287
v 131.036499 1.713629 -91.645287
v 162.275177 13.884352 -83.129974
v 136.041672 -5.175402 -83.129974
v 163.585526 11.312640 -92.956985
v 166.216904 3.214098 -84.441673
v 135.377579 -6.806207 -84.441673
v 132.746201 1.292335 -92.956985
v 163.180191 12.560140 -91.645287
v 132.340866 2.539834 -91.645287
v 165.811569 4.461597 -83.129974
v 134.972229 -5.558708 -83.129974
v 166.263077 1.610833 -92.956985
v 166.263077 -6.904477 -84.441673
v 133.836685 -6.904478 -84.441673
v 133.836685 1.610833 -92.956985
v 166.263077 2.922532 -91.645287
v 133.836685 2.922531 -91.645287
v 166.263077 -5.592779 -83.129974
v 133.836685 -5.592779 -83.129974
v 165.811554 -8.443542 -92.956985
v 163.180191 -16.542084 -84.441673
v 132.340866 -6.521780 -84.441673
v 134.972244 1.576761 -92.956985
v 166.216904 -7.196043 -91.645287
v 135.377579 2.824261 -91.645287
v 163.585526 -15.294584 -83.129974
v 132.746201 -5.274281 -83.129974
v 162.275177 -17.866295 -92.956985
v 157.269989 -24.755325 -84.441673
v 131.036499 -5.695576 -84.441673
v 136.041672 1.193455 -92.956985
v 163.046173 -16.805109 -91.645287
v 136.812668 2.254641 -91.645287
v 158.040985 -23.694138 -83.129974
v 131.807495 -4.634390 -83.129974
v 156.000076 -25.735058 -92.956985
v 149.111038 -30.740234 -84.441673
v 130.051300 -4.506740 -84.441673
v 136.940323 0.498434 -92.956985
v 157.061264 -24.964062 -91.645287
v 138.001511 1.269431 -91.645287
v 150.172226 -29.969238 -83.129974
v 131.112473 -3.735743 -83.129974
v 147.600510 -31.279587 -92.956985
v 139.501984 -33.910965 -84.441673
v 129.481674 -3.071643 -84.441673
v 137.580215 -0.440267 -92.956985
v 148.848022 -30.874252 -91.645287
v 138.827713 -0.034930 -91.645287
v 140.749481 -33.505627 -83.129974
v 130.729172 -2.666306 -83.129974
v 137.898712 -33.957142 -92.956985
v 129.383408 -33.957142 -84.441673
v 129.383408 -1.530762 -84.441673
v 137.898712 -1.530763 -92.956985
v 139.210403 -33.957142 -91.645287
v 139.210419 -1.530763 -91.645287
v 130.695099 -33.957142 -83.129974
v 130.695099 -1.530762 -83.129974
v 127.844337 -33.505627 -92.956985
v 119.745796 -30.874249 -84.441673
v 129.766098 -0.034931 -84.441673
v 137.864639 -2.666307 -92.956985
v 129.091843 -33.910965 -91.645287
v 139.112137 -3.071644 -91.645287
v 120.993294 -31.279587 -83.129974
v 131.013596 -0.440268 -83.129974
v 118.421585 -29.969234 -92.956985
v 111.532555 -24.964062 -84.441673
v 130.592300 1.269430 -84.441673
v 137.481339 -3.735744 -92.956985
v 119.482773 -30.740234 -91.645287
v 138.542526 -4.506741 -91.645287
v 112.593742 -25.735058 -83.129974
v 131.653488 0.498434 -83.129974
v 110.552826 -23.694138 -92.956985
v 105.547646 -16.805107 -84.441673
v 131.781143 2.254640 -84.441673
v 136.786316 -4.634392 -92.956985
v 111.323822 -24.755325 -91.645287
v 137.557312 -5.695577 -91.645287
v 106.318649 -17.866293 -83.129974
v 132.552139 1.193455 -83.129974
v 105.008293 -15.294584 -92.956985
v 102.376923 -7.196043 -84.441673
v 133.216232 2.824259 -84.441673
v 135.847610 -5.274283 -92.956985
v 105.413635 -16.542084 -91.645287
v 136.252945 -6.521781 -91.645287
v 102.782257 -8.443541 -83.129974
v 133.621567 1.576761 -83.129974
v 102.330742 -5.592781 -92.956985
v 102.330742 2.922531 -84.441673
v 134.757111 2.922530 -84.441673
v 134.757111 -5.592781 -92.956985
v 102.330742 -6.904479 -91.645287
v 134.757111 -6.904479 -91.645287
v 102.330742 1.610833 -83.129974
v 134.757111 1.610833 -83.129974
v 102.782257 4.461593 -92.956985
v 105.413635 12.560135 -84.441673
v 136.252945 2.539833 -84.441673
v 133.621567 -5.558709 -92.956985
v 102.376923 3.214094 -91.645287
v 133.216232 -6.806208 -91.645287
v 105.008293 11.312636 -83.129974
v 135.847610 1.292335 -83.129974
v 106.318649 13.884343 -92.956985
v 111.323822 20.773376 -84.441673
v 137.557312 1.713629 -84.441673
v 132.552139 -5.175402 -92.956985
v 105.547653 12.823158 -91.645287
v 131.781143 -6.236588 -91.645287
v 110.552826 19.712189 -83.129974
v 136.786316 0.652443 -83.129974
v 112.593742 21.753105 -92.956985
v 119.482773 26.758282 -84.441673
v 138.542526 0.524793 -84.441673
v 131.653488 -4.480382 -92.956985
v 111.532555 20.982109 -91.645287
v 130.592300 -5.251378 -91.645287
v 118.421585 25.987286 -83.129974
v 137.481339 -0.246204 -83.129974
v 120.993294 27.297634 -92.956985
v 129.091843 29.929008 -84.441673
v 139.112137 -0.910304 -84.441673
v 131.013596 -3.541680 -92.956985
v 119.745796 26.892296 -91.645287
v 129.766098 -3.947017 -91.645287
v 127.844337 29.523674 -83.129974
v 137.864639 -1.315641 -83.129974

vt 1.000000 1.000000
vt 0.000000 1.000000
vt 0.000000 0.000000
vt 1.000000 0.000000

vn 0.707107 0.000000 -0.707107
vn -0.707107 0.000000 -0.707107
vn 0.000000 1.000000 0.000000
vn 0.707107 0.000000 -0.707107
vn 0.000000 1.000000 0.000000
vn 0.707107 0.000000 0.707107
vn 0.707107 0.000000 -0.707107
vn 0.707107 0.000000 0.707107
vn 0.000000 -1.000000 0.000000
vn 0.707107 0.000000 -0.707107
vn -0.707107 0.000000 -0.707107
vn 0.000000 -1.000000 0.000000
vn -0.707107 0.000000 -0.707107
vn 0.000000 1.000000 0.000000
vn -0.707107 0.000000 0.707107
vn -0.707107 0.000000 -0.707107
vn 0.000000 -1.000000 0.000000
vn -0.707107 0.000000 0.707107
vn 0.000000 1.000000 0.000000
vn 0.707107 0.000000 0.707107
vn -0.707107 0.000000 0.707107
vn 0.707107 0.000000 0.707107
vn 0.000000 -1.000000 0.000000
vn -0.707107 0.000000 0.707107
vn 0.672499 -0.218508 -0.707107
vn -0.672498 0.218508 -0.707107
vn 0.309017 0.951057 -0.000001
vn 0.672499 -0.218508 -0.707107
vn 0.309017 0.951057 -0.000001
vn 0.672498 -0.218508 0.707107
vn 0.672499 -0.218508 -0.707107
vn 0.672498 -0.218508 0.707107
vn -0.309017 -0.951056 0.000000
vn 0.672499 -0.218508 -0.707107
vn -0.672498 0.218508 -0.707107
vn -0.309017 -0.951056 0.000000
vn -0.672498 0.218508 -0.707107
vn 0.309017 0.951057 -0.000001
vn -0.672499 0.218508 0.707107
vn -0.672498 0.218508 -0.707107
vn -0.309017 -0.951056 0.000000
vn -0.672499 0.218508 0.707107
vn 0.309017 0.951057 -0.000001
vn 0.672498 -0.218508 0.707107
vn -0.672499 0.218508 0.707107
vn 0.672498 -0.218508 0.707107
vn -0.309017 -0.951056 0.000000
vn -0.672499 0.218508 0.707107
vn 0.572062 -0.415627 -0.707107
vn -0.572061 0.415627 -0.707107
vn 0.587786 0.809017 0.000000
vn 0.572062 -0.415627 -0.707107
vn 0.587786 0.809017 0.000000
vn 0.572061 -0.415627 0.707107
vn 0.572062 -0.415627 -0.707107
vn 0.572061 -0.415627 0.707107
vn -0.587785 -0.809017 0.000000
vn 0.572062 -0.415627 -0.707107
vn -0.572061 0.415627 -0.707107
vn -0.587785 -0.809017 0.000000
vn -0.572061 0.415627 -0.707107
vn 0.587786 0.809017 0.000000
vn -0.572062 0.415627 0.707107
vn -0.572061 0.415627 -0.707107
vn -0.587785 -0.809017 0.000000
vn -0.572062 0.415627 0.707107
vn 0.587786 0.809017 0.000000
vn 0.572061 -0.415627 0.707107
vn -0.572062 0.415627 0.707107
vn 0.572061 -0.415627 0.707107
vn -0.587785 -0.809017 0.000000
vn -0.572062 0.415627 0.707107
vn 0.415627 -0.572062 -0.707107
vn -0.415627 0.572061 -0.707107
vn 0.809017 0.587785 -0.000000
vn 0.415627 -0.572062 -0.707107
vn 0.809017 0.587785 -0.000000
vn 0.415627 -0.572061 0.707107
vn 0.415627 -0.572062 -0.707107
vn 0.415627 -0.572061 0.707107
vn -0.809017 -0.587785 -0.000000
vn 0.415627 -0.572062 -0.707107
vn -0.415627 0.572061 -0.707107
vn -0.809017 -0.587785 -0.000000
vn -0.415627 0.572061 -0.707107
vn 0.809017 0.587785 -0.000000
vn -0.415627 0.572062 0.707107
vn -0.415627 0.572061 -0.707107
vn -0.809017 -0.587785 -0.000000
vn -0.415627 0.572062 0.707107
vn 0.809017 0.587785 -0.000000
vn 0.415627 -0.572061 0.707107
vn -0.415627 0.572062 0.707107
vn 0.415627 -0.572061 0.707107
vn -0.809017 -0.587785 -0.000000
vn -0.415627 0.572062 0.707107
vn 0.218508 -0.672499 -0.707107
vn -0.218508 0.672498 -0.707107
vn 0.951056 0.309018 0.000000
vn 0.218508 -0.672499 -0.707107
vn 0.951056 0.309018 0.000000
vn 0.218508 -0.672498 0.707107
vn 0.218508 -0.672499 -0.707107
vn 0.218508 -0.672498 0.707107
vn -0.951056 -0.309017 -0.000000
vn 0.218508 -0.672499 -0.707107
vn -0.218508 0.672498 -0.707107
vn -0.951056 -0.309017 -0.000000
vn -0.218508 0.672498 -0.707107
vn 0.951056 0.309018 0.000000
vn -0.218508 0.672499 0.707107
vn -0.218508 0.672498 -0.707107
vn -0.951056 -0.309017 -0.000000
vn -0.218508 0.672499 0.707107
vn 0.951056 0.309018 0.000000
vn 0.218508 -0.672498 0.707107
vn -0.218508 0.672499 0.707107
vn 0.218508 -0.672498 0.707107
vn -0.951056 -0.309017 -0.000000
vn -0.218508 0.672499 0.707107
vn 0.000000 -0.707107 -0.707107
vn -0.000000 0.707107 -0.707107
vn 1.000000 0.000000 -0.000000
vn 0.000000 -0.707107 -0.707107
vn 1.000000 0.000000 -0.000000
vn 0.000000 -0.707107 0.707107
vn 0.000000 -0.707107 -0.707107
vn 0.000000 -0.707107 0.707107
vn -1.000000 -0.000000 -0.000000
vn 0.000000 -0.707107 -0.707107
vn -0.000000 0.707107 -0.707107
vn -1.000000 -0.000000 -0.000000
vn -0.000000 0.707107 -0.707107
vn 1.000000 0.000000 -0.000000
vn -0.000000 0.707107 0.707107
vn -0.000000 0.707107 -0.707107
vn -1.000000 -0.000000 -0.000000
vn -0.000000 0.707107 0.707107
vn 1.000000 0.000000 -0.000000
vn 0.000000 -0.707107 0.707107
vn -0.000000 0.707107 0.707107
vn 0.000000 -0.707107 0.707107
vn -1.000000 -0.000000 -0.000000
vn -0.000000 0.707107 0.707107
vn -0.218508 -0.672499 -0.707107
vn 0.218508 0.672498 -0.707107
vn 0.951057 -0.309017 0.000000
vn -0.218508 -0.672499 -0.707107
vn 0.951057 -0.309017 0.000000
vn -0.218508 -0.672498 0.707107
vn -0.218508 -0.672499 -0.707107
vn -0.218508 -0.672498 0.707107
vn -0.951057 0.309017 -0.000000
vn -0.218508 -0.672499 -0.707107
vn 0.218508 0.672498 -0.707107
vn -0.951057 0.309017 -0.000000
vn 0.218508 0.672498 -0.707107
vn 0.951057 -0.309017 0.000000
vn 0.218508 0.672499 0.707107
vn 0.218508 0.672498 -0.707107
vn -0.951057 0.309017 -0.000000
vn 0.218508 0.672499 0.707107
vn 0.951057 -0.309017 0.000000
vn -0.218508 -0.672498 0.707107
vn 0.218508 0.672499 0.707107
vn -0.218508 -0.672498 0.707107
vn -0.951057 0.309017 -0.000000
vn 0.218508 0.672499 0.707107
vn -0.415627 -0.572062 -0.707107
vn 0.415627 0.572061 -0.707107
vn 0.809017 -0.587785 0.000001
vn -0.415627 -0.572062 -0.707107
vn 0.809017 -0.587785 0.000001
vn -0.415627 -0.572061 0.707107
vn -0.415627 -0.572062 -0.707107
vn -0.415627 -0.572061 0.707107
vn -0.809017 0.587785 -0.000000
vn -0.415627 -0.572062 -0.707107
vn 0.415627 0.572061 -0.707107
vn -0.809017 0.587785 -0.000000
vn 0.415627 0.572061 -0.707107
vn 0.809017 -0.587785 0.000001
vn 0.415627 0.572062 0.707107
vn 0.415627 0.572061 -0.707107
vn -0.809017 0.587785 -0.000000
vn 0.415627 0.572062 0.707107
vn 0.809017 -0.587785 0.000001
vn -0.415627 -0.572061 0.707107
vn 0.415627 0.572062 0.707107
vn -0.415627 -0.572061 0.707107
vn -0.809017 0.587785 -0.000000
vn 0.415627 0.572062 0.707107
vn -0.572062 -0.415627 -0.707107
vn 0.572061 0.415627 -0.707107
vn 0.587785 -0.809017 -0.000000
vn -0.572062 -0.415627 -0.707107
vn 0.587785 -0.809017 -0.000000
vn -0.572061 -0.415627 0.707107
vn -0.572062 -0.415627 -0.707107
vn -0.572061 -0.415627 0.707107
vn -0.587785 0.809017 -0.000000
vn -0.572062 -0.415627 -0.707107
vn 0.572061 0.415627 -0.707107
vn -0.587785 0.809017 -0.000000
vn 0.572061 0.415627 -0.707107
vn 0.587785 -0.809017 -0.000000
vn 0.572062 0.415627 0.707107
vn 0.572061 0.415627 -0.707107
vn -0.587785 0.809017 -0.000000
vn 0.572062 0.415627 0.707107
vn 0.587785 -0.809017 -0.000000
vn -0.572061 -0.415627 0.707107
vn 0.572062 0.415627 0.707107
vn -0.572061 -0.415627 0.707107
vn -0.587785 0.809017 -0.000000
vn 0.572062 0.415627 0.707107
vn -0.672499 -0.218508 -0.707106
vn 0.672498 0.218508 -0.707107
vn 0.309017 -0.951057 0.000001
vn -0.672499 -0.218508 -0.707106
vn 0.309017 -0.951057 0.000001
vn -0.672498 -0.218508 0.707107
vn -0.672499 -0.218508 -0.707106
vn -0.672498 -0.218508 0.707107
vn -0.309017 0.951056 0.000000
vn -0.672499 -0.218508 -0.707106
vn 0.672498 0.218508 -0.707107
vn -0.309017 0.951056 0.000000
vn 0.672498 0.218508 -0.707107
vn 0.309017 -0.951057 0.000001
vn 0.672499 0.218508 0.707106
vn 0.672498 0.218508 -0.707107
vn -0.309017 0.951056 0.000000
vn 0.672499 0.218508 0.707106
vn 0.309017 -0.951057 0.000001
vn -0.672498 -0.218508 0.707107
vn 0.672499 0.218508 0.707106
vn -0.672498 -0.218508 0.707107
vn -0.309017 0.951056 0.000000
vn 0.672499 0.218508 0.707106
vn -0.707107 0.000000 -0.707107
vn 0.707107 -0.000000 -0.707107
vn 0.000000 -1.000000 0.000000
vn -0.707107 0.000000 -0.707107
vn 0.000000 -1.000000 0.000000
vn -0.707107 0.000000 0.707107
vn -0.707107 0.000000 -0.707107
vn -0.707107 0.000000 0.707107
vn 0.000000 1.000000 -0.000000
vn -0.707107 0.000000 -0.707107
vn 0.707107 -0.000000 -0.707107
vn 0.000000 1.000000 -0.000000
vn 0.707107 -0.000000 -0.707107
vn 0.000000 -1.000000 0.000000
vn 0.707107 -0.000000 0.707107
vn 0.707107 -0.000000 -0.707107
vn 0.000000 1.000000 -0.000000
vn 0.707107 -0.000000 0.707107
vn 0.000000 -1.000000 0.000000
vn -0.707107 0.000000 0.707107
vn 0.707107 -0.000000 0.707107
vn -0.707107 0.000000 0.707107
vn 0.000000 1.000000 -0.000000
vn 0.707107 -0.000000 0.707107
vn -0.672498 0.218508 -0.707107
vn 0.672499 -0.218508 -0.707106
vn -0.309018 -0.951056 -0.000000
vn -0.672498 0.218508 -0.707107
vn -0.309018 -0.951056 -0.000000
vn -0.672498 0.218508 0.707107
vn -0.672498 0.218508 -0.707107
vn -0.672498 0.218508 0.707107
vn 0.309017 0.951057 -0.000000
vn -0.672498 0.218508 -0.707107
vn 0.672499 -0.218508 -0.707106
vn 0.309017 0.951057 -0.000000
vn 0.672499 -0.218508 -0.707106
vn -0.309018 -0.951056 -0.000000
vn 0.672498 -0.218508 0.707107
vn 0.672499 -0.218508 -0.707106
vn 0.309017 0.951057 -0.000000
vn 0.672498 -0.218508 0.707107
vn -0.309018 -0.951056 -0.000000
vn -0.672498 0.218508 0.707107
vn 0.672498 -0.218508 0.707107
vn -0.672498 0.218508 0.707107
vn 0.309017 0.951057 -0.000000
vn 0.672498 -0.218508 0.707107
vn -0.572061 0.415627 -0.707107
vn 0.572061 -0.415627 -0.707107
vn -0.587785 -0.809017 -0.000001
vn -0.572061 0.415627 -0.707107
vn -0.587785 -0.809017 -0.000001
vn -0.572061 0.415627 0.707107
vn -0.572061 0.415627 -0.707107
vn -0.572061 0.415627 0.707107
vn 0.587785 0.809017 -0.000000
vn -0.572061 0.415627 -0.707107
vn 0.572061 -0.415627 -0.707107
vn 0.587785 0.809017 -0.000000
vn 0.572061 -0.415627 -0.707107
vn -0.587785 -0.809017 -0.000001
vn 0.572061 -0.415627 0.707107
vn 0.572061 -0.415627 -0.707107
vn 0.587785 0.809017 -0.000000
vn 0.572061 -0.415627 0.707107
vn -0.587785 -0.809017 -0.000001
vn -0.572061 0.415627 0.707107
vn 0.572061 -0.415627 0.707107
vn -0.572061 0.415627 0.707107
vn 0.587785 0.809017 -0.000000
vn 0.572061 -0.415627 0.707107
vn -0.415627 0.572061 -0.707107
vn 0.415627 -0.572061 -0.707107
vn -0.809017 -0.587785 0.000001
vn -0.415627 0.572061 -0.707107
vn -0.809017 -0.587785 0.000001
vn -0.415627 0.572061 0.707107
vn -0.415627 0.572061 -0.707107
vn -0.415627 0.572061 0.707107
vn 0.809017 0.587785 -0.000000
vn -0.415627 0.572061 -0.707107
vn 0.415627 -0.572061 -0.707107
vn 0.809017 0.587785 -0.000000
vn 0.415627 -0.572061 -0.707107
vn -0.809017 -0.587785 0.000001
vn 0.415627 -0.572061 0.707107
vn 0.415627 -0.572061 -0.707107
vn 0.809017 0.587785 -0.000000
vn 0.415627 -0.572061 0.707107
vn -0.809017 -0.587785 0.000001
vn -0.415627 0.572061 0.707107
vn 0.415627 -0.572061 0.707107
vn -0.415627 0.572061 0.707107
vn 0.809017 0.587785 -0.000000
vn 0.415627 -0.572061 0.707107
vn -0.218508 0.672499 -0.707107
vn 0.218508 -0.672498 -0.707107
vn -0.951057 -0.309017 -0.000000
vn -0.218508 0.672499 -0.707107
vn -0.951057 -0.309017 -0.000000
vn -0.218508 0.672499 0.707107
vn -0.218508 0.672499 -0.707107
vn -0.218508 0.672499 0.707107
vn 0.951056 0.309017 -0.000000
vn -0.218508 0.672499 -0.707107
vn 0.218508 -0.672498 -0.707107
vn 0.951056 0.309017 -0.000000
vn 0.218508 -0.672498 -0.707107
vn -0.951057 -0.309017 -0.000000
vn 0.218508 -0.672499 0.707107
vn 0.218508 -0.672498 -0.707107
vn 0.951056 0.309017 -0.000000
vn 0.218508 -0.672499 0.707107
vn -0.951057 -0.309017 -0.000000
vn -0.218508 0.672499 0.707107
vn 0.218508 -0.672499 0.707107
vn -0.218508 0.672499 0.707107
vn 0.951056 0.309017 -0.000000
vn 0.218508 -0.672499 0.707107
vn 0.000000 0.707107 -0.707107
vn -0.000000 -0.707107 -0.707107
vn -1.000000 0.000000 0.000000
vn 0.000000 0.707107 -0.707107
vn -1.000000 0.000000 0.000000
vn 0.000000 0.707107 0.707107
vn 0.000000 0.707107 -0.707107
vn 0.000000 0.707107 0.707107
vn 1.000000 -0.000000 -0.000000
vn 0.000000 0.707107 -0.707107
vn -0.000000 -0.707107 -0.707107
vn 1.000000 -0.000000 -0.000000
vn -0.000000 -0.707107 -0.707107
vn -1.000000 0.000000 0.000000
vn -0.000000 -0.707107 0.707107
vn -0.000000 -0.707107 -0.707107
vn 1.000000 -0.000000 -0.000000
vn -0.000000 -0.707107 0.707107
vn -1.000000 0.000000 0.000000
vn 0.000000 0.707107 0.707107
vn -0.000000 -0.707107 0.707107
vn 0.000000 0.707107 0.707107
vn 1.000000 -0.000000 -0.000000
vn -0.000000 -0.707107 0.707107
vn 0.218508 0.672499 -0.707107
vn -0.218508 -0.672499 -0.707107
vn -0.951056 0.309017 0.000000
vn 0.218508 0.672499 -0.707107
vn -0.951056 0.309017 0.000000
vn 0.218508 0.672499 0.707107
vn 0.218508 0.672499 -0.707107
vn 0.218508 0.672499 0.707107
vn 0.951057 -0.309017 0.000000
vn 0.218508 0.672499 -0.707107
vn -0.218508 -0.672499 -0.707107
vn 0.951057 -0.309017 0.000000
vn -0.218508 -0.672499 -0.707107
vn -0.951056 0.309017 0.000000
vn -0.218508 -0.672499 0.707107
vn -0.218508 -0.672499 -0.707107
vn 0.951057 -0.309017 0.000000
vn -0.218508 -0.672499 0.707107
vn -0.951056 0.309017 0.000000
vn 0.218508 0.672499 0.707107
vn -0.218508 -0.672499 0.707107
vn 0.218508 0.672499 0.707107
vn 0.951057 -0.309017 0.000000
vn -0.218508 -0.672499 0.707107
vn 0.415627 0.572061 -0.707107
vn -0.415627 -0.572062 -0.707107
vn -0.809017 0.587785 0.000000
vn 0.415627 0.572061 -0.707107
vn -0.809017 0.587785 0.000000
vn 0.415627 0.572062 0.707107
vn 0.415627 0.572061 -0.707107
vn 0.415627 0.572062 0.707107
vn 0.809017 -0.587785 -0.000000
vn 0.415627 0.572061 -0.707107
vn -0.415627 -0.572062 -0.707107
vn 0.809017 -0.587785 -0.000000
vn -0.415627 -0.572062 -0.707107
vn -0.809017 0.587785 0.000000
vn -0.415627 -0.572061 0.707107
vn -0.415627 -0.572062 -0.707107
vn 0.809017 -0.587785 -0.000000
vn -0.415627 -0.572061 0.707107
vn -0.809017 0.587785 0.000000
vn 0.415627 0.572062 0.707107
vn -0.415627 -0.572061 0.707107
vn 0.415627 0.572062 0.707107
vn 0.809017 -0.587785 -0.000000
vn -0.415627 -0.572061 0.707107
vn 0.572061 0.415627 -0.707107
vn -0.572061 -0.415627 -0.707107
vn -0.587785 0.809017 -0.000000
vn 0.572061 0.415627 -0.707107
vn -0.587785 0.809017 -0.000000
vn 0.572061 0.415627 0.707107
vn 0.572061 0.415627 -0.707107
vn 0.572061 0.415627 0.707107
vn 0.587785 -0.809017 -0.000000
vn 0.572061 0.415627 -0.707107
vn -0.572061 -0.415627 -0.707107
vn 0.587785 -0.809017 -0.000000
vn -0.572061 -0.415627 -0.707107
vn -0.587785 0.809017 -0.000000
vn -0.572061 -0.415627 0.707107
vn -0.572061 -0.415627 -0.707107
vn 0.587785 -0.809017 -0.000000
vn -0.572061 -0.415627 0.707107
vn -0.587785 0.809017 -0.000000
vn 0.572061 0.415627 0.707107
vn -0.572061 -0.415627 0.707107
vn 0.572061 0.415627 0.707107
vn 0.587785 -0.809017 -0.000000
vn -0.572061 -0.415627 0.707107
vn 0.672499 0.218508 -0.707107
vn -0.672498 -0.218508 -0.707107
vn -0.309017 0.951057 0.000001
vn 0.672499 0.218508 -0.707107
vn -0.309017 0.951057 0.000001
vn 0.672499 0.218508 0.707107
vn 0.672499 0.218508 -0.707107
vn 0.672499 0.218508 0.707107
vn 0.309017 -0.951057 0.000000
vn 0.672499 0.218508 -0.707107
vn -0.672498 -0.218508 -0.707107
vn 0.309017 -0.951057 0.000000
vn -0.672498 -0.218508 -0.707107
vn -0.309017 0.951057 0.000001
vn -0.672499 -0.218508 0.707107
vn -0.672498 -0.218508 -0.707107
vn 0.309017 -0.951057 0.000000
vn -0.672499 -0.218508 0.707107
vn -0.309017 0.951057 0.000001
vn 0.672499 0.218508 0.707107
vn -0.672499 -0.218508 0.707107
vn 0.672499 0.218508 0.707107
vn 0.309017 -0.951057 0.000000
vn -0.672499 -0.218508 0.707107

f 1/1/1 2/2/4 3/3/7 4/4/10
f 5/4/13 1/1/2 4/2/11 6/3/16
f 5/3/14 7/4/19 2/1/5 1/2/3
f 2/2/6 7/3/20 8/4/22 3/1/8
f 4/1/12 3/2/9 8/3/23 6/4/17
f 7/3/21 5/4/15 6/1/18 8/2/24
f 9/1/25 10/2/28 11/3/31 12/4/34
f 13/4/37 9/1/26 12/2/35 14/3/40
f 13/3/38 15/4/43 10/1/29 9/2/27
f 10/2/30 15/3/44 16/4/46 11/1/32
f 12/1/36 11/2/33 16/3/47 14/4/41
f 15/3/45 13/4/39 14/1/42 16/2/48
f 17/1/49 18/2/52 19/3/55 20/4/58
f 21/4/61 17/1/50 20/2/59 22/3/64
f 21/3/62 23/4/67 18/1/53 17/2/51
f 18/2/54 23/3/68 24/4/70 19/1/56
f 20/1/60 19/2/57 24/3/71 22/4/65
f 23/3/69 21/4/63 22/1/66 24/2/72
f 25/1/73 26/2/76 27/3/79 28/4/82
f 29/4/85 25/1/74 28/2/83 30/3/88
f 29/3/86 31/4/91 26/1/77 25/2/75
f 26/2/78 31/3/92 32/4/94 27/1/80
f 28/1/84 27/2/81 32/3/95 30/4/89
f 31/3/93 29/4/87 30/1/90 32/2/96
f 33/1/97 34/2/100 35/3/103 36/4/106
f 37/4/109 33/1/98 36/2/107 38/3/112
f 37/3/110 39/4/115 34/1/101 33/2/99
f 34/2/102 39/3/116 40/4/118 35/1/104
f 36/1/108 35/2/105 40/3/119 38/4/113
f 39/3/117 37/4/111 38/1/114 40/2/120
f 41/1/121 42/2/124 43/3/127 44/4/130
f 45/4/133 41/1/122 44/2/131 46/3/136
f 45/3/134 47/4/139 42/1/125 41/2/123
f 42/2/126 47/3/140 48/4/142 43/1/128
f 44/1/132 43/2/129 48/3/143 46/4/137
f 47/3/141 45/4/135 46/1/138 48/2/144
f 49/1/145 50/2/148 51/3/151 52/4/154
f 53/4/157 49/1/146 52/2/155 54/3/160
f 53/3/158 55/4/163 50/1/149 49/2/147
f 50/2/150 55/3/164 56/4/166 51/1/152
f 52/1/156 51/2/153 56/3/167 54/4/161
f 55/3/165 53/4/159 54/1/162 56/2/168
f 57/1/169 58/2/172 59/3/175 60/4/178
f 61/4/181 57/1/170 60/2/179 62/3/184
f 61/3/182 63/4/187 58/1/173 57/2/171
f 58/2/174 63/3/188 64/4/190 59/1/176
f 60/1/180 59/2/177 64/3/191 62/4/185
f 63/3/189 61/4/183 62/1/186 64/2/192
f 65/1/193 66/2/196 67/3/199 68/4/202
f 69/4/205 65/1/194 68/2/203 70/3/208
f 69/3/206 71/4/211 66/1/197 65/2/195
f 66/2/198 71/3/212 72/4/214 67/1/200
f 68/1/204 67/2/201 72/3/215 70/4/209
f 71/3/213 69/4/207 70/1/210 72/2/216
f 73/1/217 74/2/220 75/3/223 76/4/226
f 77/4/229 73/1/218 76/2/227 78/3/232
f 77/3/230 79/4/235 74/1/221 73/2/219
f 74/2/222 79/3/236 80/4/238 75/1/224
f 76/1/228 75/2/225 80/3/239 78/4/233
f 79/3/237 77/4/231 78/1/234 80/2/240
f 81/1/241 82/2/244 83/3/247 84/4/250
f 85/4/253 81/1/242 84/2/251 86/3/256
f 85/3/254 87/4/259 82/1/245 81/2/243
f 82/2/246 87/3/260 88/4/262 83/1/248
f 84/1/252 83/2/249 88/3/263 86/4/257
f 87/3/261 85/4/255 86/1/258 88/2/264
f 89/1/265 90/2/268 91/3/271 92/4/274
f 93/4/277 89/1/266 92/2/275 94/3/280
f 93/3/278 95/4/283 90/1/269 89/2/267
f 90/2/270 95/3/284 96/4/286 91/1/272
f 92/1/276 91/2/273 96/3/287 94/4/281
f 95/3/285 93/4/279 94/1/282 96/2/288
f 97/1/289 98/2/292 99/3/295 100/4/298
f 101/4/301 97/1/290 100/2/299 102/3/304
f 101/3/302 103/4/307 98/1/293 97/2/291
f 98/2/294 103/3/308 104/4/310 99/1/296
f 100/1/300 99/2/297 104/3/311 102/4/305
f 103/3/309 101/4/303 102/1/306 104/2/312
f 105/1/313 106/2/316 107/3/319 108/4/322
f 109/4/325 105/1/314 108/2/323 110/3/328
f 109/3/326 111/4/331 106/1/317 105/2/315
f 106/2/318 111/3/332 112/4/334 107/1/320
f 108/1/324 107/2/321 112/3/335 110/4/329
f 111/3/333 109/4/327 110/1/330 112/2/336
f 113/1/337 114/2/340 115/3/343 116/4/346
f 117/4/349 113/1/338 116/2/347 118/3/352
f 117/3/350 119/4/355 114/1/341 113/2/339
f 114/2/342 119/3/356 120/4/358 115/1/344
f 116/1/348 115/2/345 120/3/359 118/4/353
f 119/3/357 117/4/351 118/1/354 120/2/360
f 121/1/361 122/2/364 123/3/367 124/4/370
f 125/4/373 121/1/362 124/2/371 126/3/376
f 125/3/374 127/4/379 122/1/365 121/2/363
f 122/2/366 127/3/380 128/4/382 123/1/368
f 124/1/372 123/2/369 128/3/383 126/4/377
f 127/3/381 125/4/375 126/1/378 128/2/384
f 129/1/385 130/2/388 131/3/391 132/4/394
f 133/4/397 129/1/386 132/2/395 134/3/400
f 133/3/398 135/4/403 130/1/389 129/2/387
f 130/2/390 135/3/404 136/4/406 131/1/392
f 132/1/396 131/2/393 136/3/407 134/4/401
f 135/3/405 133/4/399 134/1/402 136/2/408
f 137/1/409 138/2/412 139/3/415 140/4/418
f 141/4/421 137/1/410 140/2/419 142/3/424
f 141/3/422 143/4/427 138/1/413 137/2/411
f 138/2/414 143/3/428 144/4/430 139/1/416
f 140/1/420 139/2/417 144/3/431 142/4/425
f 143/3/429 141/4/423 142/1/426 144/2/432
f 145/1/433 146/2/436 147/3/439 148/4/442
f 149/4/445 145/1/434 148/2/443 150/3/448
f 149/3/446 151/4/451 146/1/437 145/2/435
f 146/2/438 151/3/452 152/4/454 147/1/440
f 148/1/444 147/2/441 152/3/455 150/4/449
f 151/3/453 149/4/447 150/1/450 152/2/456
f 153/1/457 154/2/460 155/3/463 156/4/466
f 157/4/469 153/1/458 156/2/467 158/3/472
f 157/3/470 159/4/475 154/1/461 153/2/459
f 154/2/462 159/3/476 160/4/478 155/1/464
f 156/1/468 155/2/465 160/3/479 158/4/473
f 159/3/477 157/4/471 158/1/474 160/2/480
v -136.028946 27.297634 -92.956985
v -127.930412 29.929008 -84.441673
v -117.910110 -0.910304 -84.441673
v -126.008652 -3.541680 -92.956985
v -137.276443 26.892296 -91.645287
v -127.256149 -3.947017 -91.645287
v -129.177902 29.523674 -83.129974
v -119.157608 -1.315641 -83.129974
v -144.428497 21.753105 -92.956985
v -137.539474 26.758282 -84.441673
v -118.479729 0.524793 -84.441673
v -125.368759 -4.480382 -92.956985
v -145.489685 20.982109 -91.645287
v -126.429947 -5.251378 -91.645287
v -138.600662 25.987286 -83.129974
v -119.540916 -0.246204 -83.129974
v -150.703598 13.884343 -92.956985
v -145.698425 20.773376 -84.441673
v -119.464935 1.713629 -84.441673
v -124.470108 -5.175402 -92.956985
v -151.474594 12.823158 -91.645287
v -125.241104 -6.236588 -91.645287
v -146.469421 19.712189 -83.129974
v -120.235931 0.652443 -83.129974
v -154.239990 4.461593 -92.956985
v -151.608612 12.560135 -84.441673
v -120.769295 2.539833 -84.441673
v -123.400673 -5.558709 -92.956985
v -154.645325 3.214094 -91.645287
v -123.806015 -6.806208 -91.645287
v -152.013947 11.312636 -83.129974
v -121.174637 1.292335 -83.129974
v -154.691513 -5.592781 -92.956985
v -154.691513 2.922531 -84.441673
v -122.265129 2.922530 -84.441673
v -122.265129 -5.592781 -92.956985
v -154.691513 -6.904479 -91.645287
v -122.265129 -6.904479 -91.645287
v -154.691513 1.610833 -83.129974
v -122.265129 1.610833 -83.129974
v -152.013947 -15.294584 -92.956985
v -154.645325 -7.196043 -84.441673
v -123.806015 2.824259 -84.441673
v -121.174637 -5.274283 -92.956985
v -151.608612 -16.542084 -91.645287
v -120.769295 -6.521781 -91.645287
v -154.239990 -8.443541 -83.129974
v -123.400673 1.576761 -83.129974
v -146.469421 -23.694138 -92.956985
v -151.474594 -16.805107 -84.441673
v -125.241112 2.254640 -84.441673
v -120.235931 -4.634392 -92.956985
v -145.698425 -24.755325 -91.645287
v -119.464935 -5.695577 -91.645287
v -150.703598 -17.866293 -83.129974
v -124.470116 1.193455 -83.129974
v -138.600662 -29.969234 -92.956985
v -145.489685 -24.964062 -84.441673
v -126.429947 1.269430 -84.441673
v -119.540916 -3.735744 -92.956985
v -137.539474 -30.740234 -91.645287
v -118.479729 -4.506741 -91.645287
v -144.428513 -25.735058 -83.129974
v -125.368759 0.498434 -83.129974
v -129.177902 -33.505627 -92.956985
v -137.276459 -30.874249 -84.441673
v -127.256149 -0.034931 -84.441673
v -119.157608 -2.666307 -92.956985
v -127.930405 -33.910965 -91.645287
v -117.910110 -3.071644 -91.645287
v -136.028946 -31.279587 -83.129974
v -126.008652 -0.440268 -83.129974
v -119.123535 -33.957142 -92.956985
v -127.638847 -33.957142 -84.441673
v -127.638847 -1.530762 -84.441673
v -119.123535 -1.530763 -92.956985
v -117.811836 -33.957142 -91.645287
v -117.811836 -1.530763 -91.645287
v -126.327148 -33.957142 -83.129974
v -126.327148 -1.530762 -83.129974
v -109.421730 -31.279587 -92.956985
v -117.520271 -33.910965 -84.441673
v -127.540573 -3.071643 -84.441673
v -119.442032 -0.440267 -92.956985
v -108.174232 -30.874252 -91.645287
v -118.194534 -0.034930 -91.645287
v -116.272774 -33.505627 -83.129974
v -126.293076 -2.666306 -83.129974
v -101.022171 -25.735058 -92.956985
v -107.911209 -30.740234 -84.441673
v -126.970955 -4.506740 -84.441673
v -120.081924 0.498434 -92.956985
v -99.960991 -24.964062 -91.645287
v -119.020737 1.269431 -91.645287
v -106.850021 -29.969238 -83.129974
v -125.909767 -3.735743 -83.129974
v -94.747078 -17.866295 -92.956985
v -99.752251 -24.755325 -84.441673
v -125.985748 -5.695576 -84.441673
v -120.980576 1.193455 -92.956985
v -93.976082 -16.805109 -91.645287
v -120.209579 2.254641 -91.645287
v -98.981255 -23.694138 -83.129974
v -125.214752 -4.634390 -83.129974
v -91.210686 -8.443542 -92.956985
v -93.842056 -16.542084 -84.441673
v -124.681389 -6.521780 -84.441673
v -122.050011 1.576761 -92.956985
v -90.805351 -7.196043 -91.645287
v -121.644676 2.824261 -91.645287
v -93.436722 -15.294584 -83.129974
v -124.276047 -5.274281 -83.129974
v -90.759171 1.610833 -92.956985
v -90.759171 -6.904477 -84.441673
v -123.185555 -6.904478 -84.441673
v -123.185555 1.610833 -92.956985
v -90.759171 2.922532 -91.645287
v -123.185555 2.922531 -91.645287
v -90.759171 -5.592779 -83.129974
v -123.185555 -5.592779 -83.129974
v -93.436722 11.312640 -92.956985
v -90.805344 3.214098 -84.441673
v -121.644676 -6.806207 -84.441673
v -124.276054 1.292335 -92.956985
v -93.842056 12.560140 -91.645287
v -124.681389 2.539834 -91.645287
v -91.210686 4.461597 -83.129974
v -122.050011 -5.558708 -83.129974
v -98.981247 19.712196 -92.956985
v -93.976074 12.823165 -84.441673
v -120.209579 -6.236588 -84.441673
v -125.214752 0.652443 -92.956985
v -99.752251 20.773384 -91.645287
v -125.985748 1.713629 -91.645287
v -94.747070 13.884352 -83.129974
v -120.980576 -5.175402 -83.129974
v -106.850021 25.987297 -92.956985
v -99.960983 20.982121 -84.441673
v -119.020744 -5.251379 -84.441673
v -125.909775 -0.246205 -92.956985
v -107.911201 26.758293 -91.645287
v -126.970963 0.524792 -91.645287
v -101.022171 21.753120 -83.129974
v -120.081924 -4.480382 -83.129974
v -116.272774 29.523689 -92.956985
v -108.174232 26.892311 -84.441673
v -118.194534 -3.947019 -84.441673
v -126.293076 -1.315643 -92.956985
v -117.520271 29.929024 -91.645287
v -127.540581 -0.910306 -91.645287
v -109.421730 27.297649 -83.129974
v -119.442039 -3.541682 -83.129974
v -126.327148 29.975189 -92.956985
v -117.811836 29.975189 -84.441673
v -117.811836 -2.451185 -84.441673
v -126.327148 -2.451185 -92.956985
v -127.638847 29.975189 -91.645287
v -127.638847 -2.451185 -91.645287
v -119.123535 29.975189 -83.129974
v -119.123535 -2.451185 -83.129974

vt 1.000000 1.000000
vt 0.000000 1.000000
vt 0.000000 0.000000
vt 1.000000 0.000000

vn 0.672499 0.218508 -0.707107
vn -0.672498 -0.218508 -0.707107
vn -0.309017 0.951057 0.000001
vn 0.672499 0.218508 -0.707107
vn -0.309017 0.951057 0.000001
vn 0.672499 0.218508 0.707107
vn 0.672499 0.218508 -0.707107
vn 0.672499 0.218508 0.707107
vn 0.309017 -0.951057 0.000000
vn 0.672499 0.218508 -0.707107
vn -0.672498 -0.218508 -0.707107
vn 0.309017 -0.951057 0.000000
vn -0.672498 -0.218508 -0.707107
vn -0.309017 0.951057 0.000001
vn -0.672499 -0.218508 0.707107
vn -0.672498 -0.218508 -0.707107
vn 0.309017 -0.951057 0.000000
vn -0.672499 -0.218508 0.707107
vn -0.309017 0.951057 0.000001
vn 0.672499 0.218508 0.707107
vn -0.672499 -0.218508 0.707107
vn 0.672499 0.218508 0.707107
vn 0.309017 -0.951057 0.000000
vn -0.672499 -0.218508 0.707107
vn 0.572061 0.415627 -0.707107
vn -0.572061 -0.415627 -0.707107
vn -0.587785 0.809017 -0.000000
vn 0.572061 0.415627 -0.707107
vn -0.587785 0.809017 -0.000000
vn 0.572061 0.415627 0.707107
vn 0.572061 0.415627 -0.707107
vn 0.572061 0.415627 0.707107
vn 0.587785 -0.809017 -0.000000
vn 0.572061 0.415627 -0.707107
vn -0.572061 -0.415627 -0.707107
vn 0.587785 -0.809017 -0.000000
vn -0.572061 -0.415627 -0.707107
vn -0.587785 0.809017 -0.000000
vn -0.572061 -0.415627 0.707107
vn -0.572061 -0.415627 -0.707107
vn 0.587785 -0.809017 -0.000000
vn -0.572061 -0.415627 0.707107
vn -0.587785 0.809017 -0.000000
vn 0.572061 0.415627 0.707107
vn -0.572061 -0.415627 0.707107
vn 0.572061 0.415627 0.707107
vn 0.587785 -0.809017 -0.000000
vn -0.572061 -0.415627 0.707107
vn 0.415627 0.572061 -0.707107
vn -0.415627 -0.572062 -0.707107
vn -0.809017 0.587785 0.000000
vn 0.415627 0.572061 -0.707107
vn -0.809017 0.587785 0.000000
vn 0.415627 0.572062 0.707107
vn 0.415627 0.572061 -0.707107
vn 0.415627 0.572062 0.707107
vn 0.809017 -0.587785 -0.000000
vn 0.415627 0.572061 -0.707107
vn -0.415627 -0.572062 -0.707107
vn 0.809017 -0.587785 -0.000000
vn -0.415627 -0.572062 -0.707107
vn -0.809017 0.587785 0.000000
vn -0.415627 -0.572061 0.707107
vn -0.415627 -0.572062 -0.707107
vn 0.809017 -0.587785 -0.000000
vn -0.415627 -0.572061 0.707107
vn -0.809017 0.587785 0.000000
vn 0.415627 0.572062 0.707107
vn -0.415627 -0.572061 0.707107
vn 0.415627 0.572062 0.707107
vn 0.809017 -0.587785 -0.000000
vn -0.415627 -0.572061 0.707107
vn 0.218508 0.672499 -0.707107
vn -0.218508 -0.672499 -0.707107
vn -0.951056 0.309017 0.000000
vn 0.218508 0.672499 -0.707107
vn -0.951056 0.309017 0.000000
vn 0.218508 0.672499 0.707107
vn 0.218508 0.672499 -0.707107
vn 0.218508 0.672499 0.707107
vn 0.951057 -0.309017 0.000000
vn 0.218508 0.672499 -0.707107
vn -0.218508 -0.672499 -0.707107
vn 0.951057 -0.309017 0.000000
vn -0.218508 -0.672499 -0.707107
vn -0.951056 0.309017 0.000000
vn -0.218508 -0.672499 0.707107
vn -0.218508 -0.672499 -0.707107
vn 0.951057 -0.309017 0.000000
vn -0.218508 -0.672499 0.707107
vn -0.951056 0.309017 0.000000
vn 0.218508 0.672499 0.707107
vn -0.218508 -0.672499 0.707107
vn 0.218508 0.672499 0.707107
vn 0.951057 -0.309017 0.000000
vn -0.218508 -0.672499 0.707107
vn 0.000000 0.707107 -0.707107
vn -0.000000 -0.707107 -0.707107
vn -1.000000 0.000000 0.000000
vn 0.000000 0.707107 -0.707107
vn -1.000000 0.000000 0.000000
vn 0.000000 0.707107 0.707107
vn 0.000000 0.707107 -0.707107
vn 0.000000 0.707107 0.707107
vn 1.000000 -0.000000 -0.000000
vn 0.000000 0.707107 -0.707107
vn -0.000000 -0.707107 -0.707107
vn 1.000000 -0.000000 -0.000000
vn -0.000000 -0.707107 -0.707107
vn -1.000000 0.000000 0.000000
vn -0.000000 -0.707107 0.707107
vn -0.000000 -0.707107 -0.707107
vn 1.000000 -0.000000 -0.000000
vn -0.000000 -0.707107 0.707107
vn -1.000000 0.000000 0.000000
vn 0.000000 0.707107 0.707107
vn -0.000000 -0.707107 0.707107
vn 0.000000 0.707107 0.707107
vn 1.000000 -0.000000 -0.000000
vn -0.000000 -0.707107 0.707107
vn -0.218508 0.672499 -0.707107
vn 0.218508 -0.672498 -0.707107
vn -0.951057 -0.309017 -0.000000
vn -0.218508 0.672499 -0.707107
vn -0.951057 -0.309017 -0.000000
vn -0.218508 0.672499 0.707107
vn -0.218508 0.672499 -0.707107
vn -0.218508 0.672499 0.707107
vn 0.951056 0.309017 -0.000000
vn -0.218508 0.672499 -0.707107
vn 0.218508 -0.672498 -0.707107
vn 0.951056 0.309017 -0.000000
vn 0.218508 -0.672498 -0.707107
vn -0.951057 -0.309017 -0.000000
vn 0.218508 -0.672499 0.707107
vn 0.218508 -0.672498 -0.707107
vn 0.951056 0.309017 -0.000000
vn 0.218508 -0.672499 0.707107
vn -0.951057 -0.309017 -0.000000
vn -0.218508 0.672499 0.707107
vn 0.218508 -0.672499 0.707107
vn -0.218508 0.672499 0.707107
vn 0.951056 0.309017 -0.000000
vn 0.218508 -0.672499 0.707107
vn -0.415627 0.572061 -0.707107
vn 0.415627 -0.572061 -0.707107
vn -0.809017 -0.587785 0.000001
vn -0.415627 0.572061 -0.707107
vn -0.809017 -0.587785 0.000001
vn -0.415627 0.572061 0.707107
vn -0.415627 0.572061 -0.707107
vn -0.415627 0.572061 0.707107
vn 0.809017 0.587785 -0.000000
vn -0.415627 0.572061 -0.707107
vn 0.415627 -0.572061 -0.707107
vn 0.809017 0.587785 -0.000000
vn 0.415627 -0.572061 -0.707107
vn -0.809017 -0.587785 0.000001
vn 0.415627 -0.572061 0.707107
vn 0.415627 -0.572061 -0.707107
vn 0.809017 0.587785 -0.000000
vn 0.415627 -0.572061 0.707107
vn -0.809017 -0.587785 0.000001
vn -0.415627 0.572061 0.707107
vn 0.415627 -0.572061 0.707107
vn -0.415627 0.572061 0.707107
vn 0.809017 0.587785 -0.000000
vn 0.415627 -0.572061 0.707107
vn -0.572061 0.415627 -0.707107
vn 0.572061 -0.415627 -0.707107
vn -0.587785 -0.809017 -0.000001
vn -0.572061 0.415627 -0.707107
vn -0.587785 -0.809017 -0.000001
vn -0.572061 0.415627 0.707107
vn -0.572061 0.415627 -0.707107
vn -0.572061 0.415627 0.707107
vn 0.587785 0.809017 -0.000000
vn -0.572061 0.415627 -0.707107
vn 0.572061 -0.415627 -0.707107
vn 0.587785 0.809017 -0.000000
vn 0.572061 -0.415627 -0.707107
vn -0.587785 -0.809017 -0.000001
vn 0.572061 -0.415627 0.707107
vn 0.572061 -0.415627 -0.707107
vn 0.587785 0.809017 -0.000000
vn 0.572061 -0.415627 0.707107
vn -0.587785 -0.809017 -0.000001
vn -0.572061 0.415627 0.707107
vn 0.572061 -0.415627 0.707107
vn -0.572061 0.415627 0.707107
vn 0.587785 0.809017 -0.000000
vn 0.572061 -0.415627 0.707107
vn -0.672498 0.218508 -0.707107
vn 0.672499 -0.218508 -0.707106
vn -0.309018 -0.951056 -0.000000
vn -0.672498 0.218508 -0.707107
vn -0.309018 -0.951056 -0.000000
vn -0.672498 0.218508 0.707107
vn -0.672498 0.218508 -0.707107
vn -0.672498 0.218508 0.707107
vn 0.309017 0.951057 -0.000000
vn -0.672498 0.218508 -0.707107
vn 0.672499 -0.218508 -0.707106
vn 0.309017 0.951057 -0.000000
vn 0.672499 -0.218508 -0.707106
vn -0.309018 -0.951056 -0.000000
vn 0.672498 -0.218508 0.707107
vn 0.672499 -0.218508 -0.707106
vn 0.309017 0.951057 -0.000000
vn 0.672498 -0.218508 0.707107
vn -0.309018 -0.951056 -0.000000
vn -0.672498 0.218508 0.707107
vn 0.672498 -0.218508 0.707107
vn -0.672498 0.218508 0.707107
vn 0.309017 0.951057 -0.000000
vn 0.672498 -0.218508 0.707107
vn -0.707107 0.000000 -0.707107
vn 0.707107 -0.000000 -0.707107
vn 0.000000 -1.000000 0.000000
vn -0.707107 0.000000 -0.707107
vn 0.000000 -1.000000 0.000000
vn -0.707107 0.000000 0.707107
vn -0.707107 0.000000 -0.707107
vn -0.707107 0.000000 0.707107
vn 0.000000 1.000000 -0.000000
vn -0.707107 0.000000 -0.707107
vn 0.707107 -0.000000 -0.707107
vn 0.000000 1.000000 -0.000000
vn 0.707107 -0.000000 -0.707107
vn 0.000000 -1.000000 0.000000
vn 0.707107 -0.000000 0.707107
vn 0.707107 -0.000000 -0.707107
vn 0.000000 1.000000 -0.000000
vn 0.707107 -0.000000 0.707107
vn 0.000000 -1.000000 0.000000
vn -0.707107 0.000000 0.707107
vn 0.707107 -0.000000 0.707107
vn -0.707107 0.000000 0.707107
vn 0.000000 1.000000 -0.000000
vn 0.707107 -0.000000 0.707107
vn -0.672499 -0.218508 -0.707106
vn 0.672498 0.218508 -0.707107
vn 0.309017 -0.951057 0.000001
vn -0.672499 -0.218508 -0.707106
vn 0.309017 -0.951057 0.000001
vn -0.672498 -0.218508 0.707107
vn -0.672499 -0.218508 -0.707106
vn -0.672498 -0.218508 0.707107
vn -0.309017 0.951056 0.000000
vn -0.672499 -0.218508 -0.707106
vn 0.672498 0.218508 -0.707107
vn -0.309017 0.951056 0.000000
vn 0.672498 0.218508 -0.707107
vn 0.309017 -0.951057 0.000001
vn 0.672499 0.218508 0.707106
vn 0.672498 0.218508 -0.707107
vn -0.309017 0.951056 0.000000
vn 0.672499 0.218508 0.707106
vn 0.309017 -0.951057 0.000001
vn -0.672498 -0.218508 0.707107
vn 0.672499 0.218508 0.707106
vn -0.672498 -0.218508 0.707107
vn -0.309017 0.951056 0.000000
vn 0.672499 0.218508 0.707106
vn -0.572062 -0.415627 -0.707107
vn 0.572061 0.415627 -0.707107
vn 0.587785 -0.809017 -0.000000
vn -0.572062 -0.415627 -0.707107
vn 0.587785 -0.809017 -0.000000
vn -0.572061 -0.415627 0.707107
vn -0.572062 -0.415627 -0.707107
vn -0.572061 -0.415627 0.707107
vn -0.587785 0.809017 -0.000000
vn -0.572062 -0.415627 -0.707107
vn 0.572061 0.415627 -0.707107
vn -0.587785 0.809017 -0.000000
vn 0.572061 0.415627 -0.707107
vn 0.587785 -0.809017 -0.000000
vn 0.572062 0.415627 0.707107
vn 0.572061 0.415627 -0.707107
vn -0.587785 0.809017 -0.000000
vn 0.572062 0.415627 0.707107
vn 0.587785 -0.809017 -0.000000
vn -0.572061 -0.415627 0.707107
vn 0.572062 0.415627 0.707107
