# Obj file Generated by Strata Design 3D CX(TM): http://www.strata.com
mtllib Debris.mtl
v -325.900696 8.538973 -33.494270
v -405.655121 19.841843 42.897221
v -415.186798 16.232382 33.479992
v -400.251831 8.053175 -3.493784
v -397.550171 2.158833 -26.689287
v -388.591339 -0.213115 -39.391945
v -357.489136 6.953111 -25.906347
v -356.041077 2.889858 -41.718819
v -338.609619 3.726330 -46.050591
v -340.423096 19.571754 -50.288372
v -357.854553 18.735281 -45.956600
v -359.302612 22.798529 -30.144140
v -390.404785 15.632294 -43.629730
v -399.363678 18.004251 -30.927080
v -402.065308 23.898579 -7.731578
v -417.000275 32.077805 29.242212
v -407.468597 35.687267 38.659439
v -327.714172 24.384377 -37.732067
v -331.571381 42.106800 11.635822
v -395.115906 18.043648 -51.145706
v -406.192932 19.613504 -40.535774
v -342.648407 43.676651 22.245747
v -328.930786 19.034153 17.806496
v -340.007782 20.603994 28.416426
v -392.475311 -5.028998 -44.975033
v -403.552307 -3.459156 -34.365105
v -313.065948 42.148647 -9.382590
v -394.614746 11.267608 -89.952217
v -402.368683 12.366499 -82.525269
v -320.819855 43.247543 -1.955639
v -309.677155 12.538748 -1.463551
v -317.431061 13.637642 5.963401
v -391.225983 -18.342297 -82.033188
v -398.979889 -17.243404 -74.606239
v -316.922485 36.427128 -26.006462
v -331.749542 30.812386 -40.655487
v -412.611664 42.272259 36.797009
v -397.784637 47.886997 51.446022
v -313.709747 8.355400 -18.498804
v -394.571869 19.815285 58.953686
v -328.536804 2.740673 -33.147823
v -409.398926 14.200541 44.304661

vt 0.537971 0.027809
vt 0.462029 0.027809
vt 0.969415 0.050247
vt 0.030585 0.050247
vt 0.527863 0.086686
vt 0.472137 0.086686
vt 0.994048 0.405047
vt 0.005952 0.405047
vt 0.993272 0.593963
vt 0.006728 0.593963
vt 0.980740 0.900738
vt 0.019260 0.900738
vt 0.518137 0.955645
vt 0.481863 0.955645
vt 0.507033 0.889722
vt 0.492967 0.889722
vt 0.507033 0.139473
vt 0.492967 0.139473
vt 1.000000 1.000000
vt 0.000000 1.000000
vt 0.000000 0.000000
vt 1.000000 0.000000

vn 0.109892 -0.960197 0.256800
vn 0.686879 0.260110 0.678631
vn 0.718415 -0.101814 -0.688123
vn 0.109892 -0.960197 0.256800
vn -0.718415 0.101815 0.688123
vn 0.686879 0.260109 0.678631
vn 0.109892 -0.960197 0.256800
vn -0.923749 -0.194034 -0.330211
vn -0.718415 0.101815 0.688123
vn 0.109892 -0.960197 0.256800
vn -0.952446 -0.175604 -0.249017
vn 0.109892 -0.960197 0.256800
vn -0.955965 -0.172843 -0.237182
vn 0.109892 -0.960197 0.256800
vn 0.426825 -0.187742 -0.884632
vn -0.814433 -0.235090 -0.530501
vn 0.109892 -0.960197 0.256800
vn -0.990009 -0.128707 -0.057588
vn 0.426825 -0.187742 -0.884632
vn 0.109892 -0.960197 0.256800
vn -0.219372 -0.275424 -0.935958
vn -0.990009 -0.128707 -0.057589
vn 0.109892 -0.960197 0.256800
vn 0.105271 -0.245668 -0.963621
vn -0.109892 0.960197 -0.256800
vn 0.458262 -0.180320 -0.870334
vn -0.109892 0.960197 -0.256800
vn -0.219372 -0.275424 -0.935958
vn -0.990009 -0.128706 -0.057590
vn -0.109892 0.960197 -0.256800
vn -0.990009 -0.128707 -0.057589
vn 0.426825 -0.187742 -0.884632
vn -0.109892 0.960197 -0.256800
vn 0.426825 -0.187742 -0.884632
vn -0.814433 -0.235090 -0.530502
vn -0.109892 0.960197 -0.256800
vn -0.896626 -0.207265 -0.391285
vn -0.109892 0.960197 -0.256800
vn -0.973895 -0.155652 -0.165232
vn -0.109892 0.960197 -0.256800
vn -0.923749 -0.194034 -0.330210
vn -0.718415 0.101815 0.688123
vn -0.109892 0.960197 -0.256800
vn -0.718415 0.101815 0.688123
vn 0.686879 0.260108 0.678631
vn -0.109892 0.960197 -0.256800
vn 0.686879 0.260109 0.678631
vn 0.718416 -0.101814 -0.688123
vn -0.109891 0.960196 -0.256801
vn 0.686879 0.260108 0.678632
vn 0.718416 -0.101815 -0.688123
vn -0.109891 0.960196 -0.256801
vn 0.718416 -0.101815 -0.688123
vn -0.686879 -0.260108 -0.678631
vn -0.109891 0.960196 -0.256801
vn -0.686879 -0.260108 -0.678631
vn -0.718416 0.101815 0.688123
vn -0.109891 0.960196 -0.256801
vn 0.686879 0.260108 0.678632
vn -0.718416 0.101815 0.688123
vn 0.686879 0.260108 0.678632
vn 0.718416 -0.101815 -0.688123
vn 0.109892 -0.960196 0.256800
vn 0.686879 0.260108 0.678632
vn -0.718416 0.101815 0.688123
vn 0.109892 -0.960196 0.256800
vn 0.718416 -0.101815 -0.688123
vn -0.686879 -0.260108 -0.678631
vn 0.109892 -0.960196 0.256800
vn -0.686879 -0.260108 -0.678631
vn -0.718416 0.101815 0.688123
vn 0.109892 -0.960196 0.256800
vn -0.109892 0.960196 -0.256800
vn 0.686879 0.260109 0.678631
vn 0.718415 -0.101815 -0.688123
vn -0.109892 0.960196 -0.256800
vn 0.718415 -0.101815 -0.688123
vn -0.686878 -0.260108 -0.678632
vn -0.109892 0.960196 -0.256800
vn -0.686878 -0.260108 -0.678632
vn -0.718415 0.101815 0.688123
vn -0.109892 0.960196 -0.256800
vn 0.686879 0.260109 0.678631
vn -0.718415 0.101815 0.688123
vn 0.686879 0.260109 0.678631
vn 0.718415 -0.101815 -0.688123
vn 0.109892 -0.960196 0.256800
vn 0.686879 0.260109 0.678631
vn -0.718415 0.101815 0.688123
vn 0.109892 -0.960196 0.256800
vn 0.718415 -0.101815 -0.688123
vn -0.686878 -0.260108 -0.678632
vn 0.109892 -0.960196 0.256800
vn -0.686878 -0.260108 -0.678632
vn -0.718415 0.101815 0.688123
vn 0.109892 -0.960196 0.256800
vn -0.109892 0.960196 -0.256801
vn 0.686879 0.260109 0.678631
vn 0.718415 -0.101814 -0.688123
vn -0.109892 0.960196 -0.256801
vn 0.718415 -0.101814 -0.688123
vn -0.686879 -0.260109 -0.678631
vn -0.109892 0.960196 -0.256801
vn -0.686879 -0.260109 -0.678631
vn -0.718416 0.101815 0.688123
vn -0.109892 0.960196 -0.256801
vn 0.686879 0.260109 0.678631
vn -0.718416 0.101815 0.688123
vn 0.686879 0.260109 0.678631
vn 0.718415 -0.101814 -0.688123
vn 0.109892 -0.960196 0.256800
vn 0.686879 0.260109 0.678631
vn -0.718416 0.101815 0.688123
vn 0.109892 -0.960196 0.256800
vn 0.718415 -0.101814 -0.688123
vn -0.686879 -0.260109 -0.678631
vn 0.109892 -0.960196 0.256800
vn -0.686879 -0.260109 -0.678631
vn -0.718416 0.101815 0.688123
vn 0.109892 -0.960196 0.256800

f 1//1 2//4 3//7 4//10 5//12 6//14 7//17 8//20 9//23
f 10//25 11//27 12//30 13//33 14//36 15//38 16//40 17//43 18//46
f 10/1/26 9/2/24 11/3/28
f 9/2/24 8/4/21 11/3/28
f 11/3/29 8/4/22 12/5/31
f 8/4/22 7/6/18 12/5/31
f 12/5/32 7/6/19 13/7/34
f 7/6/19 6/8/15 13/7/34
f 13/7/35 6/8/16 14/9/37
f 6/8/16 5/10/13 14/9/37
f 14/9/37 5/10/13 15/11/39
f 5/10/13 4/12/11 15/11/39
f 15/11/39 4/12/11 16/13/41
f 4/12/11 3/14/8 16/13/41
f 16/13/42 3/14/9 17/15/44
f 3/14/9 2/16/5 17/15/44
f 17/15/45 2/16/6 18/17/47
f 2/16/6 1/18/2 18/17/47
f 18/17/48 1/18/3 10/1/26
f 1/18/3 9/2/24 10/1/26
f 19/19/49 20/20/52 21/21/55 22/22/58
f 23/22/61 19/19/50 22/20/59 24/21/64
f 23/21/62 25/22/67 20/19/53 19/20/51
f 20/20/54 25/21/68 26/22/70 21/19/56
f 22/19/60 21/20/57 26/21/71 24/22/65
f 25/21/69 23/22/63 24/19/66 26/20/72
f 27/19/73 28/20/76 29/21/79 30/22/82
f 31/22/85 27/19/74 30/20/83 32/21/88
f 31/21/86 33/22/91 28/19/77 27/20/75
f 28/20/78 33/21/92 34/22/94 29/19/80
f 30/19/84 29/20/81 34/21/95 32/22/89
f 33/21/93 31/22/87 32/19/90 34/20/96
f 35/19/97 36/20/100 37/21/103 38/22/106
f 39/22/109 35/19/98 38/20/107 40/21/112
f 39/21/110 41/22/115 36/19/101 35/20/99
f 36/20/102 41/21/116 42/22/118 37/19/104
f 38/19/108 37/20/105 42/21/119 40/22/113
f 41/21/117 39/22/111 40/19/114 42/20/120
v -55.599358 34.761444 -10.233794
v -57.110786 33.823364 -12.058728
v -58.368198 33.193298 -14.183990
v -59.323261 32.895466 -16.527906
v -59.939281 32.941307 -19.000406
v -60.192570 33.329063 -21.506454
v -60.073410 34.043835 -23.949753
v -59.586372 35.058147 -26.236399
v -58.750168 36.333023 -28.278517
v -57.596947 37.819469 -29.997631
v -56.171021 39.460358 -31.327669
v -54.527184 41.192631 -32.217522
v -52.728619 42.949715 -32.632988
v -50.844440 44.664085 -32.558102
v -48.947056 46.269855 -31.995739
v -47.109390 47.705315 -30.967516
v -45.402061 48.915302 -29.512945
v -43.890686 49.853310 -27.687929
v -42.633347 50.483295 -25.562599
v -41.678360 50.781048 -23.218639
v -41.062431 50.735123 -20.746126
v -40.809227 50.347282 -18.240080
v -40.928478 49.632435 -15.796809
v -41.415607 48.618053 -13.510211
v -42.251888 47.343117 -11.468162
v -43.405186 45.856628 -9.749136
v -44.831173 44.215710 -8.419199
v -46.475056 42.483421 -7.529460
v -48.273651 40.726337 -7.114113
v -50.157841 39.011990 -7.189121
v -52.055218 37.406254 -7.751599
v -53.892860 35.970840 -8.779932
v -89.896744 72.052536 -0.997269
v -88.190247 73.261932 0.456593
v -86.352600 74.697342 1.484927
v -84.455231 76.303078 2.047405
v -82.571037 78.017433 2.122414
v -80.772438 79.774513 1.707065
v -79.128555 81.506798 0.817327
v -77.702568 83.147720 -0.512609
v -76.549271 84.634209 -2.231636
v -75.712990 85.909142 -4.273685
v -75.225868 86.923531 -6.560282
v -75.106613 87.638374 -9.003554
v -75.359810 88.026215 -11.509600
v -75.975746 88.072136 -13.982113
v -76.930725 87.774391 -16.326073
v -78.188072 87.144402 -18.451403
v -79.699448 86.206390 -20.276419
v -81.406776 84.996407 -21.730988
v -83.244438 83.560944 -22.759211
v -85.141823 81.955177 -23.321573
v -87.026001 80.240807 -23.396460
v -88.824570 78.483719 -22.980991
v -90.468407 76.751450 -22.091143
v -91.894333 75.110558 -20.761103
v -93.047554 73.624115 -19.041988
v -93.883759 72.349236 -16.999872
v -94.370796 71.334923 -14.713226
v -94.489960 70.620155 -12.269930
v -94.236664 70.232399 -9.763879
v -93.620644 70.186554 -7.291379
v -92.665581 70.484390 -4.947464
v -91.408173 71.114456 -2.822201
v -71.286858 12.986734 19.426987
v -72.798294 12.048650 17.602055
v -74.055702 11.418586 15.476792
v -75.010765 11.120755 13.132874
v -75.626785 11.166597 10.660375
v -75.880074 11.554350 8.154328
v -75.760910 12.269123 5.711029
v -75.273872 13.283436 3.424383
v -74.437668 14.558316 1.382262
v -73.284454 16.044756 -0.336848
v -71.858521 17.685648 -1.666889
v -70.214684 19.417919 -2.556739
v -68.416122 21.175005 -2.972205
v -66.531944 22.889374 -2.897319
v -64.634560 24.495144 -2.334956
v -62.796890 25.930607 -1.306735
v -61.089565 27.140591 0.147836
v -59.578190 28.078600 1.972853
v -58.320847 28.708588 4.098182
v -57.365864 29.006338 6.442142
v -56.749931 28.960411 8.914655
v -56.496727 28.572571 11.420700
v -56.615982 27.857725 13.863973
v -57.103107 26.843344 16.150570
v -57.939392 25.568409 18.192621
v -59.092686 24.081917 19.911644
v -60.518677 22.441002 21.241581
v -62.162556 20.708712 22.131319
v -63.961151 18.951632 22.546665
v -65.845345 17.237276 22.471661
v -67.742722 15.631539 21.909184
v -69.580360 14.196129 20.880850
v -105.584244 50.277824 28.663511
v -103.877747 51.487221 30.117374
v -102.040108 52.922634 31.145708
v -100.142731 54.528370 31.708185
v -98.258537 56.242722 31.783195
v -96.459938 57.999802 31.367846
v -94.816063 59.732086 30.478107
v -93.390076 61.373009 29.148172
v -92.236771 62.859497 27.429146
v -91.400497 64.134438 25.387096
v -90.913368 65.148819 23.100498
v -90.794113 65.863663 20.657227
v -91.047318 66.251503 18.151182
v -91.663246 66.297432 15.678669
v -92.618233 65.999680 13.334708
v -93.875572 65.369690 11.209378
v -95.386948 64.431686 9.384364
v -97.094276 63.221699 7.929793
v -98.931938 61.786236 6.901571
v -100.829323 60.180466 6.339209
v -102.713501 58.466099 6.264324
v -104.512070 56.709011 6.679790
v -106.155907 54.976738 7.569638
v -107.581833 53.335850 8.899679
v -108.735054 51.849403 10.618789
v -109.571259 50.574528 12.660911
v -110.058296 49.560215 14.947556
v -110.177460 48.845444 17.390852
v -109.924164 48.457687 19.896902
v -109.308151 48.411846 22.369400
v -108.353081 48.709682 24.713320
v -107.095673 49.339745 26.838579
v -3.209387 63.822754 -11.087728
v -38.506268 14.829657 55.649029
v -27.517790 2.882032 52.689758
v 7.779088 51.875130 -14.047002
v -60.320377 25.708633 -69.274094
v -49.331905 13.761009 -72.233368
v -95.617256 -23.284466 -2.537335
v -84.628784 -35.232090 -5.496609
v -23.188435 85.545708 -5.707231
v -58.485313 36.552608 61.029530
v -47.496838 24.604984 58.070255
v -12.199958 73.598083 -8.666504
v -80.299431 47.431587 -63.893597
v -69.310951 35.483963 -66.852867
v -115.596306 -1.561512 2.843163
v -104.607826 -13.509137 -0.116110
v -29.765348 73.938591 -5.569591
v -58.002853 34.744114 47.819817
v -10.053139 -17.390972 34.906620
v 18.184366 21.803503 -18.482786
v -75.454140 43.447296 -52.118683
v -27.504427 -8.687794 -65.031876
v -103.691650 4.252814 1.270725
v -55.741932 -47.882271 -11.642470

vt 0.000000 0.500000
vt 0.009608 0.402453
vt 0.038061 0.308656
vt 0.084268 0.222211
vt 0.146451 0.146442
vt 0.222221 0.084261
vt 0.308667 0.038057
vt 0.402465 0.009605
vt 0.500012 0.000000
vt 0.597558 0.009610
vt 0.691355 0.038066
vt 0.777799 0.084274
vt 0.853566 0.146459
vt 0.915746 0.222231
vt 0.961948 0.308678
vt 0.990397 0.402477
vt 1.000000 0.500024
vt 0.990388 0.597570
vt 0.961929 0.691367
vt 0.915719 0.777809
vt 0.853532 0.853575
vt 0.777759 0.915752
vt 0.691311 0.961952
vt 0.597511 0.990399
vt 0.499964 1.000000
vt 0.402418 0.990385
vt 0.308622 0.961925
vt 0.222181 0.915712
vt 0.146417 0.853524
vt 0.084241 0.777749
vt 0.038043 0.691300
vt 0.009598 0.597500
vt 0.009598 0.402500
vt 0.038043 0.308700
vt 0.084241 0.222251
vt 0.146417 0.146476
vt 0.222181 0.084288
vt 0.308622 0.038075
vt 0.402418 0.009615
vt 0.499964 0.000000
vt 0.597511 0.009601
vt 0.691311 0.038048
vt 0.777759 0.084248
vt 0.853532 0.146425
vt 0.915719 0.222191
vt 0.961929 0.308633
vt 0.990388 0.402430
vt 1.000000 0.499976
vt 0.990397 0.597523
vt 0.961948 0.691322
vt 0.915746 0.777769
vt 0.853566 0.853541
vt 0.777799 0.915726
vt 0.691355 0.961934
vt 0.597558 0.990390
vt 0.500012 1.000000
vt 0.402465 0.990395
vt 0.308667 0.961943
vt 0.222221 0.915739
vt 0.146451 0.853558
vt 0.084268 0.777789
vt 0.038061 0.691344
vt 0.009608 0.597547
vt 0.000000 1.000000
vt 0.000000 0.000000
vt 0.031250 0.000000
vt 0.031250 1.000000
vt 0.062500 0.000000
vt 0.062500 1.000000
vt 0.093750 0.000000
vt 0.093750 1.000000
vt 0.125000 0.000000
vt 0.125000 1.000000
vt 0.156250 0.000000
vt 0.156250 1.000000
vt 0.187500 0.000000
vt 0.187500 1.000000
vt 0.218750 0.000000
vt 0.218750 1.000000
vt 0.250000 0.000000
vt 0.250000 1.000000
vt 0.281250 0.000000
vt 0.281250 1.000000
vt 0.312500 0.000000
vt 0.312500 1.000000
vt 0.343750 0.000000
vt 0.343750 1.000000
vt 0.375000 0.000000
vt 0.375000 1.000000
vt 0.406250 0.000000
vt 0.406250 1.000000
vt 0.437500 0.000000
vt 0.437500 1.000000
vt 0.468750 0.000000
vt 0.468750 1.000000
vt 0.500000 0.000000
vt 0.500000 1.000000
vt 0.531250 0.000000
vt 0.531250 1.000000
vt 0.562500 0.000000
vt 0.562500 1.000000
vt 0.593750 0.000000
vt 0.593750 1.000000
vt 0.625000 0.000000
vt 0.625000 1.000000
vt 0.656250 0.000000
vt 0.656250 1.000000
vt 0.687500 0.000000
vt 0.687500 1.000000
vt 0.718750 0.000000
vt 0.718750 1.000000
vt 0.750000 0.000000
vt 0.750000 1.000000
vt 0.781250 0.000000
vt 0.781250 1.000000
vt 0.812500 0.000000
vt 0.812500 1.000000
vt 0.843750 0.000000
vt 0.843750 1.000000
vt 0.875000 0.000000
vt 0.875000 1.000000
vt 0.906250 0.000000
vt 0.906250 1.000000
vt 0.937500 0.000000
vt 0.937500 1.000000
vt 0.968750 0.000000
vt 0.968750 1.000000
vt 1.000000 0.000000
vt 1.000000 1.000000

vn 0.665969 -0.724099 -0.179350
vn -0.392203 -0.544378 0.741504
vn 0.665969 -0.724099 -0.179350
vn -0.508451 -0.616528 0.601141
vn 0.665969 -0.724099 -0.179350
vn -0.605175 -0.664994 0.437660
vn 0.665969 -0.724099 -0.179350
vn -0.678641 -0.687905 0.257359
vn 0.665969 -0.724099 -0.179350
vn -0.726027 -0.684378 0.067167
vn 0.665969 -0.724099 -0.179350
vn -0.745511 -0.654551 -0.125605
vn 0.665969 -0.724099 -0.179350
vn -0.736345 -0.599569 -0.313551
vn 0.665969 -0.724099 -0.179350
vn -0.698880 -0.521544 -0.489447
vn 0.665969 -0.724099 -0.179350
vn -0.634557 -0.423477 -0.646533
vn 0.665969 -0.724099 -0.179350
vn -0.545848 -0.309136 -0.778772
vn 0.665969 -0.724099 -0.179350
vn -0.436161 -0.182913 -0.881083
vn 0.665969 -0.724099 -0.179350
vn -0.309712 -0.049661 -0.949533
vn 0.665969 -0.724099 -0.179350
vn -0.171361 0.085498 -0.981491
vn 0.665969 -0.724099 -0.179350
vn -0.026425 0.217373 -0.975731
vn 0.665969 -0.724099 -0.179350
vn 0.119528 0.340893 -0.932472
vn 0.665969 -0.724099 -0.179350
vn 0.260886 0.451313 -0.853379
vn 0.665969 -0.724099 -0.179350
vn 0.392218 0.544388 -0.741489
vn 0.665969 -0.724099 -0.179350
vn 0.508477 0.616543 -0.601104
vn 0.665969 -0.724099 -0.179350
vn 0.605196 0.665003 -0.437617
vn 0.665969 -0.724099 -0.179350
vn 0.678656 0.687907 -0.257313
vn 0.665969 -0.724099 -0.179350
vn 0.726035 0.684374 -0.067120
vn 0.665969 -0.724099 -0.179350
vn 0.745512 0.654540 0.125652
vn 0.665969 -0.724099 -0.179350
vn 0.736339 0.599552 0.313595
vn 0.665969 -0.724099 -0.179350
vn 0.698867 0.521523 0.489488
vn 0.665969 -0.724099 -0.179350
vn 0.634538 0.423451 0.646568
vn 0.665969 -0.724099 -0.179350
vn 0.545823 0.309106 0.778801
vn 0.665969 -0.724099 -0.179350
vn 0.436132 0.182881 0.881104
vn 0.665969 -0.724099 -0.179350
vn 0.309680 0.049629 0.949545
vn 0.665969 -0.724099 -0.179350
vn 0.171326 -0.085531 0.981495
vn 0.665969 -0.724099 -0.179350
vn 0.026389 -0.217404 0.975725
vn 0.665969 -0.724099 -0.179350
vn -0.119563 -0.340922 0.932457
vn 0.665969 -0.724099 -0.179350
vn -0.260903 -0.451326 0.853367
vn -0.665969 0.724099 0.179350
vn -0.392203 -0.544378 0.741504
vn -0.665969 0.724099 0.179350
vn -0.260903 -0.451326 0.853367
vn -0.665969 0.724099 0.179350
vn -0.119563 -0.340922 0.932457
vn -0.665969 0.724099 0.179350
vn 0.026389 -0.217404 0.975725
vn -0.665969 0.724099 0.179350
vn 0.171326 -0.085531 0.981495
vn -0.665969 0.724099 0.179350
vn 0.309680 0.049629 0.949545
vn -0.665969 0.724099 0.179350
vn 0.436132 0.182881 0.881104
vn -0.665969 0.724099 0.179350
vn 0.545823 0.309106 0.778801
vn -0.665969 0.724099 0.179350
vn 0.634538 0.423451 0.646568
vn -0.665969 0.724099 0.179350
vn 0.698867 0.521523 0.489488
vn -0.665969 0.724099 0.179350
vn 0.736339 0.599552 0.313595
vn -0.665969 0.724099 0.179350
vn 0.745512 0.654540 0.125652
vn -0.665969 0.724099 0.179350
vn 0.726035 0.684374 -0.067120
vn -0.665969 0.724099 0.179350
vn 0.678656 0.687907 -0.257313
vn -0.665969 0.724099 0.179350
vn 0.605196 0.665003 -0.437617
vn -0.665969 0.724099 0.179350
vn 0.508477 0.616543 -0.601104
vn -0.665969 0.724099 0.179350
vn 0.392218 0.544388 -0.741489
vn -0.665969 0.724099 0.179350
vn 0.260886 0.451313 -0.853379
vn -0.665969 0.724099 0.179350
vn 0.119528 0.340893 -0.932472
vn -0.665969 0.724099 0.179350
vn -0.026425 0.217373 -0.975731
vn -0.665969 0.724099 0.179350
vn -0.171361 0.085498 -0.981491
vn -0.665969 0.724099 0.179350
vn -0.309712 -0.049661 -0.949533
vn -0.665969 0.724099 0.179350
vn -0.436161 -0.182913 -0.881083
vn -0.665969 0.724099 0.179350
vn -0.545848 -0.309136 -0.778772
vn -0.665969 0.724099 0.179350
vn -0.634557 -0.423477 -0.646533
vn -0.665969 0.724099 0.179350
vn -0.698880 -0.521544 -0.489447
vn -0.665969 0.724099 0.179350
vn -0.736345 -0.599569 -0.313551
vn -0.665969 0.724099 0.179350
vn -0.745511 -0.654551 -0.125605
vn -0.665969 0.724099 0.179350
vn -0.726027 -0.684378 0.067167
vn -0.665969 0.724099 0.179350
vn -0.678641 -0.687905 0.257359
vn -0.665969 0.724099 0.179350
vn -0.605175 -0.664994 0.437660
vn -0.665969 0.724099 0.179350
vn -0.508451 -0.616528 0.601141
vn 0.665969 -0.724099 -0.179350
vn -0.392203 -0.544378 0.741505
vn 0.665969 -0.724099 -0.179350
vn -0.508451 -0.616528 0.601142
vn 0.665969 -0.724099 -0.179350
vn -0.605175 -0.664994 0.437660
vn 0.665969 -0.724099 -0.179350
vn -0.678641 -0.687905 0.257359
vn 0.665969 -0.724099 -0.179350
vn -0.726027 -0.684378 0.067168
vn 0.665969 -0.724099 -0.179350
vn -0.745511 -0.654551 -0.125605
vn 0.665969 -0.724099 -0.179350
vn -0.736344 -0.599569 -0.313551
vn 0.665969 -0.724099 -0.179350
vn -0.698880 -0.521545 -0.489447
vn 0.665969 -0.724099 -0.179350
vn -0.634557 -0.423477 -0.646533
vn 0.665969 -0.724099 -0.179350
vn -0.545848 -0.309135 -0.778772
vn 0.665969 -0.724099 -0.179350
vn -0.436161 -0.182913 -0.881083
vn 0.665969 -0.724099 -0.179350
vn -0.309712 -0.049661 -0.949533
vn 0.665969 -0.724099 -0.179350
vn -0.171361 0.085498 -0.981491
vn 0.665969 -0.724099 -0.179350
vn -0.026424 0.217373 -0.975731
vn 0.665969 -0.724099 -0.179350
vn 0.119527 0.340893 -0.932473
vn 0.665969 -0.724099 -0.179350
vn 0.260886 0.451313 -0.853379
vn 0.665969 -0.724099 -0.179350
vn 0.392218 0.544389 -0.741489
vn 0.665969 -0.724099 -0.179350
vn 0.508477 0.616543 -0.601104
vn 0.665969 -0.724099 -0.179350
vn 0.605196 0.665003 -0.437617
vn 0.665969 -0.724099 -0.179350
vn 0.678656 0.687907 -0.257313
vn 0.665969 -0.724099 -0.179350
vn 0.726035 0.684374 -0.067120
vn 0.665969 -0.724099 -0.179350
vn 0.745512 0.654540 0.125652
vn 0.665969 -0.724099 -0.179350
vn 0.736339 0.599552 0.313595
vn 0.665969 -0.724099 -0.179350
vn 0.698867 0.521523 0.489487
vn 0.665969 -0.724099 -0.179350
vn 0.634538 0.423451 0.646568
vn 0.665969 -0.724099 -0.179350
vn 0.545823 0.309106 0.778801
vn 0.665969 -0.724099 -0.179350
vn 0.436132 0.182881 0.881104
vn 0.665969 -0.724099 -0.179350
vn 0.309680 0.049629 0.949545
vn 0.665969 -0.724099 -0.179350
vn 0.171326 -0.085531 0.981495
vn 0.665969 -0.724099 -0.179350
vn 0.026389 -0.217404 0.975725
vn 0.665969 -0.724099 -0.179350
vn -0.119563 -0.340922 0.932457
vn 0.665969 -0.724099 -0.179350
vn -0.260903 -0.451326 0.853367
vn -0.665969 0.724099 0.179350
vn -0.392203 -0.544378 0.741505
vn -0.665969 0.724099 0.179350
vn -0.260903 -0.451326 0.853367
vn -0.665969 0.724099 0.179350
vn -0.119563 -0.340922 0.932457
vn -0.665969 0.724099 0.179350
vn 0.026389 -0.217404 0.975725
vn -0.665969 0.724099 0.179350
vn 0.171326 -0.085531 0.981495
vn -0.665969 0.724099 0.179350
vn 0.309680 0.049629 0.949545
vn -0.665969 0.724099 0.179350
vn 0.436132 0.182881 0.881104
vn -0.665969 0.724099 0.179350
vn 0.545823 0.309106 0.778801
vn -0.665969 0.724099 0.179350
vn 0.634538 0.423451 0.646568
vn -0.665969 0.724099 0.179350
vn 0.698867 0.521523 0.489487
vn -0.665969 0.724099 0.179350
vn 0.736339 0.599552 0.313595
vn -0.665969 0.724099 0.179350
vn 0.745512 0.654540 0.125652
vn -0.665969 0.724099 0.179350
vn 0.726035 0.684374 -0.067120
vn -0.665969 0.724099 0.179350
vn 0.678656 0.687907 -0.257313
vn -0.665969 0.724099 0.179350
vn 0.605196 0.665003 -0.437617
vn -0.665969 0.724099 0.179350
vn 0.508477 0.616543 -0.601104
vn -0.665969 0.724099 0.179350
vn 0.392218 0.544389 -0.741489
vn -0.665969 0.724099 0.179350
vn 0.260886 0.451313 -0.853379
vn -0.665969 0.724099 0.179350
vn 0.119527 0.340893 -0.932473
vn -0.665969 0.724099 0.179350
vn -0.026424 0.217373 -0.975731
vn -0.665969 0.724099 0.179350
vn -0.171361 0.085498 -0.981491
vn -0.665969 0.724099 0.179350
vn -0.309712 -0.049661 -0.949533
vn -0.665969 0.724099 0.179350
vn -0.436161 -0.182913 -0.881083
vn -0.665969 0.724099 0.179350
vn -0.545848 -0.309135 -0.778772
vn -0.665969 0.724099 0.179350
vn -0.634557 -0.423477 -0.646533
vn -0.665969 0.724099 0.179350
vn -0.698880 -0.521545 -0.489447
vn -0.665969 0.724099 0.179350
vn -0.736344 -0.599569 -0.313551
vn -0.665969 0.724099 0.179350
vn -0.745511 -0.654551 -0.125605
vn -0.665969 0.724099 0.179350
vn -0.726027 -0.684378 0.067168
vn -0.665969 0.724099 0.179350
vn -0.678641 -0.687905 0.257359
vn -0.665969 0.724099 0.179350
vn -0.605175 -0.664994 0.437660
vn -0.665969 0.724099 0.179350
vn -0.508451 -0.616528 0.601142
vn 0.634566 0.423490 0.646515
vn 0.392188 0.544368 -0.741520
vn -0.665969 0.724099 0.179350
vn 0.634566 0.423490 0.646515
vn -0.665969 0.724099 0.179350
vn -0.392188 -0.544368 0.741520
vn 0.634566 0.423490 0.646515
vn -0.392188 -0.544368 0.741520
vn 0.665969 -0.724099 -0.179350
vn 0.634566 0.423490 0.646515
vn 0.392188 0.544368 -0.741520
vn 0.665969 -0.724099 -0.179350
vn 0.392188 0.544368 -0.741520
vn -0.665969 0.724099 0.179350
vn -0.634566 -0.423490 -0.646515
vn 0.392188 0.544368 -0.741520
vn 0.665969 -0.724099 -0.179350
vn -0.634566 -0.423490 -0.646515
vn -0.665969 0.724099 0.179350
vn -0.392188 -0.544368 0.741520
vn -0.634566 -0.423490 -0.646515
vn -0.392188 -0.544368 0.741520
vn 0.665969 -0.724099 -0.179350
vn -0.634566 -0.423490 -0.646515
vn 0.634566 0.423490 0.646515
vn 0.392188 0.544368 -0.741520
vn -0.665969 0.724099 0.179350
vn 0.634566 0.423490 0.646515
vn -0.665969 0.724099 0.179350
vn -0.392188 -0.544368 0.741520
vn 0.634566 0.423490 0.646515
vn -0.392188 -0.544368 0.741520
vn 0.665969 -0.724099 -0.179350
vn 0.634566 0.423490 0.646515
vn 0.392188 0.544368 -0.741520
vn 0.665969 -0.724099 -0.179350
vn 0.392188 0.544368 -0.741520
vn -0.665969 0.724099 0.179350
vn -0.634566 -0.423490 -0.646515
vn 0.392188 0.544368 -0.741520
vn 0.665969 -0.724099 -0.179350
vn -0.634566 -0.423490 -0.646515
vn -0.665969 0.724099 0.179350
vn -0.392188 -0.544368 0.741520
vn -0.634566 -0.423490 -0.646515
vn -0.392188 -0.544368 0.741520
vn 0.665969 -0.724099 -0.179350
vn -0.634566 -0.423490 -0.646515
vn 0.634566 0.423490 0.646515
vn 0.392188 0.544368 -0.741520
vn -0.665969 0.724099 0.179350
vn 0.634566 0.423490 0.646515
vn -0.665969 0.724099 0.179350
vn -0.392188 -0.544368 0.741520
vn 0.634566 0.423490 0.646515
vn -0.392188 -0.544368 0.741520
vn 0.665969 -0.724099 -0.179350
vn 0.634566 0.423490 0.646515
vn 0.392188 0.544368 -0.741520
vn 0.665969 -0.724099 -0.179350
vn 0.392188 0.544368 -0.741520
vn -0.665969 0.724099 0.179350
vn -0.634566 -0.423490 -0.646515
vn 0.392188 0.544368 -0.741520
vn 0.665969 -0.724099 -0.179350
vn -0.634566 -0.423490 -0.646515
vn -0.665969 0.724099 0.179350
vn -0.392188 -0.544368 0.741520
vn -0.634566 -0.423490 -0.646515
vn -0.392188 -0.544368 0.741520
vn 0.665969 -0.724099 -0.179350
vn -0.634566 -0.423490 -0.646515

f 43/23/121 44/24/123 45/25/125 46/26/127 47/27/129 48/28/131 49/29/133 50/30/135 51/31/137 52/32/139 53/33/141 54/34/143 55/35/145 56/36/147 57/37/149 58/38/151 59/39/153 60/40/155 61/41/157 62/42/159 63/43/161 64/44/163 65/45/165 66/46/167 67/47/169 68/48/171 69/49/173 70/50/175 71/51/177 72/52/179 73/53/181 74/54/183
f 75/23/185 76/55/187 77/56/189 78/57/191 79/58/193 80/59/195 81/60/197 82/61/199 83/62/201 84/63/203 85/64/205 86/65/207 87/66/209 88/67/211 89/68/213 90/69/215 91/70/217 92/71/219 93/72/221 94/73/223 95/74/225 96/75/227 97/76/229 98/77/231 99/78/233 100/79/235 101/80/237 102/81/239 103/82/241 104/83/243 105/84/245 106/85/247
f 75/86/186 43/87/122 74/88/184 76/89/188
f 76/89/188 74/88/184 73/90/182 77/91/190
f 77/91/190 73/90/182 72/92/180 78/93/192
f 78/93/192 72/92/180 71/94/178 79/95/194
f 79/95/194 71/94/178 70/96/176 80/97/196
f 80/97/196 70/96/176 69/98/174 81/99/198
f 81/99/198 69/98/174 68/100/172 82/101/200
f 82/101/200 68/100/172 67/102/170 83/103/202
f 83/103/202 67/102/170 66/104/168 84/105/204
f 84/105/204 66/104/168 65/106/166 85/107/206
f 85/107/206 65/106/166 64/108/164 86/109/208
f 86/109/208 64/108/164 63/110/162 87/111/210
f 87/111/210 63/110/162 62/112/160 88/113/212
f 88/113/212 62/112/160 61/114/158 89/115/214
f 89/115/214 61/114/158 60/116/156 90/117/216
f 90/117/216 60/116/156 59/118/154 91/119/218
f 91/119/218 59/118/154 58/120/152 92/121/220
f 92/121/220 58/120/152 57/122/150 93/123/222
f 93/123/222 57/122/150 56/124/148 94/125/224
f 94/125/224 56/124/148 55/126/146 95/127/226
f 95/127/226 55/126/146 54/128/144 96/129/228
f 96/129/228 54/128/144 53/130/142 97/131/230
f 97/131/230 53/130/142 52/132/140 98/133/232
f 98/133/232 52/132/140 51/134/138 99/135/234
f 99/135/234 51/134/138 50/136/136 100/137/236
f 100/137/236 50/136/136 49/138/134 101/139/238
f 101/139/238 49/138/134 48/140/132 102/141/240
f 102/141/240 48/140/132 47/142/130 103/143/242
f 103/143/242 47/142/130 46/144/128 104/145/244
f 104/145/244 46/144/128 45/146/126 105/147/246
f 105/147/246 45/146/126 44/148/124 106/149/248
f 106/149/248 44/148/124 43/150/122 75/151/186
f 107/23/249 108/24/251 109/25/253 110/26/255 111/27/257 112/28/259 113/29/261 114/30/263 115/31/265 116/32/267 117/33/269 118/34/271 119/35/273 120/36/275 121/37/277 122/38/279 123/39/281 124/40/283 125/41/285 126/42/287 127/43/289 128/44/291 129/45/293 130/46/295 131/47/297 132/48/299 133/49/301 134/50/303 135/51/305 136/52/307 137/53/309 138/54/311
f 139/23/313 140/55/315 141/56/317 142/57/319 143/58/321 144/59/323 145/60/325 146/61/327 147/62/329 148/63/331 149/64/333 150/65/335 151/66/337 152/67/339 153/68/341 154/69/343 155/70/345 156/71/347 157/72/349 158/73/351 159/74/353 160/75/355 161/76/357 162/77/359 163/78/361 164/79/363 165/80/365 166/81/367 167/82/369 168/83/371 169/84/373 170/85/375
f 139/86/314 107/87/250 138/88/312 140/89/316
f 140/89/316 138/88/312 137/90/310 141/91/318
f 141/91/318 137/90/310 136/92/308 142/93/320
f 142/93/320 136/92/308 135/94/306 143/95/322
f 143/95/322 135/94/306 134/96/304 144/97/324
f 144/97/324 134/96/304 133/98/302 145/99/326
f 145/99/326 133/98/302 132/100/300 146/101/328
f 146/101/328 132/100/300 131/102/298 147/103/330
f 147/103/330 131/102/298 130/104/296 148/105/332
f 148/105/332 130/104/296 129/106/294 149/107/334
f 149/107/334 129/106/294 128/108/292 150/109/336
f 150/109/336 128/108/292 127/110/290 151/111/338
f 151/111/338 127/110/290 126/112/288 152/113/340
f 152/113/340 126/112/288 125/114/286 153/115/342
f 153/115/342 125/114/286 124/116/284 154/117/344
f 154/117/344 124/116/284 123/118/282 155/119/346
f 155/119/346 123/118/282 122/120/280 156/121/348
f 156/121/348 122/120/280 121/122/278 157/123/350
f 157/123/350 121/122/278 120/124/276 158/125/352
f 158/125/352 120/124/276 119/126/274 159/127/354
f 159/127/354 119/126/274 118/128/272 160/129/356
f 160/129/356 118/128/272 117/130/270 161/131/358
f 161/131/358 117/130/270 116/132/268 162/133/360
f 162/133/360 116/132/268 115/134/266 163/135/362
f 163/135/362 115/134/266 114/136/264 164/137/364
f 164/137/364 114/136/264 113/138/262 165/139/366
f 165/139/366 113/138/262 112/140/260 166/141/368
f 166/141/368 112/140/260 111/142/258 167/143/370
f 167/143/370 111/142/258 110/144/256 168/145/372
f 168/145/372 110/144/256 109/146/254 169/147/374
f 169/147/374 109/146/254 108/148/252 170/149/376
f 170/149/376 108/148/252 107/150/250 139/151/314
f 171/151/377 172/86/380 173/87/383 174/150/386
f 175/150/389 171/151/378 174/86/387 176/87/392
f 175/87/390 177/150/395 172/151/381 171/86/379
f 172/86/382 177/87/396 178/150/398 173/151/384
f 174/151/388 173/86/385 178/87/399 176/150/393
f 177/87/397 175/150/391 176/151/394 178/86/400
f 179/151/401 180/86/404 181/87/407 182/150/410
f 183/150/413 179/151/402 182/86/411 184/87/416
f 183/87/414 185/150/419 180/151/405 179/86/403
f 180/86/406 185/87/420 186/150/422 181/151/408
f 182/151/412 181/86/409 186/87/423 184/150/417
f 185/87/421 183/150/415 184/151/418 186/86/424
f 187/151/425 188/86/428 189/87/431 190/150/434
f 191/150/437 187/151/426 190/86/435 192/87/440
f 191/87/438 193/150/443 188/151/429 187/86/427
f 188/86/430 193/87/444 194/150/446 189/151/432
f 190/151/436 189/86/433 194/87/447 192/150/441
f 193/87/445 191/150/439 192/151/442 194/86/448
v 237.886703 64.481323 14.025998
v 240.275726 59.193295 22.170282
v 251.358429 59.149010 6.612001
v 253.747452 53.860981 14.756287
v 244.238815 52.202595 4.190187
v 246.627823 46.914562 12.334472
v 257.403534 39.180180 -8.126868
v 259.792542 33.892151 0.017417
v 267.095978 38.208012 -11.601250
v 269.485016 32.919983 -3.456964
v 266.293884 29.542168 -16.992630
v 268.682892 24.254137 -8.848344
v 157.932007 -18.701542 -16.530478
v 160.321030 -23.989573 -8.386192
v 151.489105 -12.505925 -10.617767
v 153.878113 -17.793955 -2.473481
v 168.670898 -1.079734 -8.238867
v 171.059921 -6.367764 -0.094581
v 166.809357 9.421576 -0.874383
v 169.198380 4.133545 7.269902
v 160.491852 11.140980 2.095175
v 162.880875 5.852949 10.239461
v 150.332382 19.458641 10.475920
v 152.721390 14.170610 18.620205
v 154.788361 28.240522 14.870842
v 157.177368 22.952492 23.015127
v 205.099228 50.639385 14.656272
v 207.488235 45.351357 22.800556
v 191.687363 34.227436 28.117842
v 178.530548 63.349754 -16.734468
v 179.218964 61.701569 -27.369423
v 185.377243 47.835472 -30.896811
v 188.265152 41.360252 -29.706350
v 191.841476 33.236851 -39.150841
v 188.378098 40.833874 -58.169823
v 192.534607 31.467730 -61.309185
v 220.872360 -31.257238 35.295795
v 218.816467 -26.554590 44.153858
v 214.840027 -17.656084 40.694874
v 206.248093 1.707410 47.465237
v 207.080109 -0.065163 57.513748
v 200.467575 14.778787 56.607716
v 209.603027 18.845974 56.568752
v 216.215561 4.002024 57.474789
v 215.383545 5.774597 47.426273
v 223.975464 -13.588897 40.655910
v 227.951920 -22.487404 44.114895
v 230.007797 -27.190050 35.256832
v 201.670059 35.534916 -61.348148
v 197.513550 44.901062 -58.208786
v 200.976929 37.304035 -39.189804
v 197.400604 45.427441 -29.745314
v 194.512695 51.902660 -30.935772
v 188.354416 65.768761 -27.408384
v 187.665985 67.416939 -16.773430
v 200.822800 38.294624 28.078880
v 217.110428 67.266586 -0.020319
v 161.381454 42.455532 0.217359
v 175.955154 10.196966 49.899925
v 231.684128 35.008022 49.662247
v 234.402527 28.134214 -30.501106
v 248.976212 -4.124324 19.181463
v 178.673553 3.323158 -30.263428
v 193.247253 -28.935379 19.419140

vt 0.968870 0.841846
vt 0.031130 0.841846
vt 0.939561 0.926797
vt 0.060439 0.926797
vt 0.913632 0.937020
vt 0.086368 0.937020
vt 0.558890 0.921704
vt 0.441110 0.921704
vt 0.541326 0.905342
vt 0.458674 0.905342
vt 0.527986 0.857053
vt 0.472014 0.857053
vt 0.527986 0.142947
vt 0.472014 0.142947
vt 0.543182 0.092062
vt 0.456818 0.092062
vt 0.555554 0.105774
vt 0.444446 0.105774
vt 0.717702 0.040583
vt 0.282298 0.040583
vt 0.858446 0.045323
vt 0.141554 0.045323
vt 0.957898 0.114530
vt 0.042102 0.114530
vt 0.969857 0.175423
vt 0.030143 0.175423
vt 0.969857 0.633704
vt 0.030143 0.633704
vt 1.000000 1.000000
vt 0.000000 1.000000
vt 0.000000 0.000000
vt 1.000000 0.000000

vn -0.038872 0.832834 0.552156
vn -0.238901 0.528803 -0.814428
vn 0.257320 0.843206 0.472007
vn 0.238901 -0.528803 0.814428
vn 0.507720 0.782959 0.359438
vn 0.677705 -0.509874 -0.529853
vn -0.238901 0.528803 -0.814428
vn 0.507720 0.782959 0.359438
vn 0.677705 -0.509874 -0.529853
vn 0.238901 -0.528803 0.814428
vn 0.677705 -0.509874 -0.529853
vn 0.769756 0.614411 0.173135
vn -0.238901 0.528803 -0.814428
vn 0.677705 -0.509874 -0.529853
vn 0.769756 0.614411 0.173135
vn 0.238901 -0.528803 0.814428
vn 0.627026 0.724426 0.286435
vn -0.238901 0.528803 -0.814428
vn 0.446806 0.804516 0.391303
vn 0.238901 -0.528803 0.814428
vn 0.254205 0.843523 0.473126
vn 0.967878 0.062003 -0.243656
vn -0.238901 0.528803 -0.814428
vn 0.254205 0.843523 0.473126
vn 0.967878 0.062003 -0.243656
vn 0.238901 -0.528803 0.814428
vn 0.967878 0.062003 -0.243656
vn 0.329183 -0.744948 -0.580251
vn -0.238901 0.528803 -0.814428
vn 0.967878 0.062003 -0.243656
vn 0.329183 -0.744948 -0.580251
vn 0.238901 -0.528803 0.814428
vn 0.329183 -0.744948 -0.580251
vn -0.762568 -0.621420 -0.179795
vn -0.238901 0.528803 -0.814428
vn 0.329183 -0.744948 -0.580251
vn -0.762568 -0.621420 -0.179795
vn 0.238901 -0.528803 0.814428
vn -0.762568 -0.621420 -0.179795
vn -0.508585 0.646337 0.568849
vn -0.238901 0.528803 -0.814428
vn -0.762568 -0.621420 -0.179795
vn -0.508585 0.646337 0.568849
vn 0.238901 -0.528803 0.814428
vn -0.508585 0.646337 0.568849
vn -0.960363 -0.252725 0.117617
vn -0.238901 0.528803 -0.814428
vn -0.508585 0.646337 0.568849
vn -0.960363 -0.252725 0.117617
vn 0.238901 -0.528803 0.814428
vn -0.868671 -0.491220 -0.064133
vn -0.238901 0.528803 -0.814428
vn -0.665024 -0.700253 -0.259594
vn 0.238901 -0.528803 0.814428
vn -0.524311 -0.776192 -0.350177
vn -0.238901 0.528803 -0.814428
vn -0.628166 -0.723745 -0.285659
vn 0.238901 -0.528803 0.814428
vn -0.719399 -0.659723 -0.217328
vn -0.878741 0.239164 0.413055
vn -0.238901 0.528803 -0.814428
vn -0.719399 -0.659723 -0.217328
vn -0.878741 0.239164 0.413055
vn 0.238901 -0.528803 0.814428
vn -0.745788 0.437207 0.502643
vn -0.238901 0.528803 -0.814428
vn -0.549373 0.617978 0.562400
vn 0.238901 -0.528803 0.814428
vn -0.321924 0.748152 0.580202
vn -0.238901 0.528803 -0.814428
vn -0.314644 0.751309 0.580116
vn 0.238901 -0.528803 0.814428
vn -0.913545 -0.406719 0.003896
vn -0.325350 0.736462 0.593102
vn -0.913545 -0.406719 0.003896
vn -0.378873 0.854407 0.355589
vn -0.913545 -0.406719 0.003896
vn -0.095571 0.205334 -0.974015
vn -0.401696 0.900678 -0.165588
vn -0.913545 -0.406719 0.003896
vn -0.043179 0.087451 -0.995233
vn -0.913545 -0.406719 0.003896
vn -0.063698 0.133600 -0.988986
vn -0.913545 -0.406719 0.003896
vn -0.370989 0.837141 0.401949
vn -0.298820 0.664630 -0.684816
vn -0.913545 -0.406719 0.003896
vn -0.122545 0.266093 -0.956126
vn -0.370989 0.837141 0.401949
vn -0.913545 -0.406719 0.003896
vn 0.329183 -0.744948 -0.580251
vn -0.122545 0.266093 -0.956126
vn -0.913545 -0.406719 0.003896
vn 0.353705 -0.789667 0.501317
vn 0.329183 -0.744948 -0.580251
vn -0.913545 -0.406719 0.003896
vn -0.132677 0.307038 0.942404
vn 0.353705 -0.789667 0.501317
vn -0.913545 -0.406719 0.003896
vn -0.048291 0.117970 0.991842
vn -0.913545 -0.406719 0.003896
vn 0.398535 -0.896995 -0.191230
vn 0.127208 -0.276603 0.952528
vn -0.913545 -0.406719 0.003896
vn -0.019088 0.052439 0.998442
vn 0.398535 -0.896995 -0.191230
vn -0.913545 -0.406719 0.003896
vn -0.131397 0.304174 0.943511
vn 0.913545 0.406719 -0.003896
vn -0.241985 0.551180 0.798526
vn 0.913545 0.406719 -0.003896
vn -0.019088 0.052439 0.998442
vn 0.398535 -0.896995 -0.191230
vn 0.913545 0.406719 -0.003896
vn 0.398535 -0.896995 -0.191230
vn 0.127208 -0.276603 0.952528
vn 0.913545 0.406719 -0.003896
vn 0.042556 -0.086052 0.995381
vn 0.913545 0.406719 -0.003896
vn -0.132677 0.307038 0.942404
vn 0.353705 -0.789667 0.501317
vn 0.913545 0.406719 -0.003896
vn 0.353705 -0.789667 0.501317
vn 0.329183 -0.744948 -0.580251
vn 0.913545 0.406719 -0.003896
vn 0.329183 -0.744948 -0.580251
vn -0.122545 0.266093 -0.956126
vn 0.913545 0.406719 -0.003896
vn -0.122545 0.266093 -0.956126
vn -0.370989 0.837141 0.401949
vn 0.913545 0.406719 -0.003896
vn -0.370989 0.837141 0.401949
vn -0.298820 0.664630 -0.684816
vn 0.913545 0.406719 -0.003896
vn -0.198677 0.437856 -0.876818
vn 0.913545 0.406719 -0.003896
vn 0.010890 -0.034034 -0.999361
vn 0.913545 0.406719 -0.003896
vn -0.095571 0.205334 -0.974015
vn -0.401696 0.900678 -0.165588
vn 0.913545 0.406719 -0.003896
vn -0.404790 0.910066 0.089021
vn 0.913545 0.406719 -0.003896
vn -0.327277 0.740728 0.586695
vn -0.329183 0.744948 0.580251
vn 0.913545 0.406719 -0.003896
vn -0.238901 0.528803 -0.814428
vn -0.329183 0.744948 0.580251
vn -0.238901 0.528803 -0.814428
vn -0.913545 -0.406719 0.003896
vn -0.329183 0.744948 0.580251
vn -0.913545 -0.406719 0.003896
vn 0.238901 -0.528803 0.814428
vn -0.329183 0.744948 0.580251
vn 0.913545 0.406719 -0.003896
vn 0.238901 -0.528803 0.814428
vn 0.913545 0.406719 -0.003896
vn -0.238901 0.528803 -0.814428
vn 0.329183 -0.744948 -0.580251
vn 0.913545 0.406719 -0.003896
vn 0.238901 -0.528803 0.814428
vn 0.329183 -0.744948 -0.580251
vn -0.238901 0.528803 -0.814428
vn -0.913545 -0.406719 0.003896
vn 0.329183 -0.744948 -0.580251
vn -0.913545 -0.406719 0.003896
vn 0.238901 -0.528803 0.814428
vn 0.329183 -0.744948 -0.580251

f 195/152/449 196/153/451 197/154/453
f 196/153/451 198/155/456 197/154/453
f 197/154/454 198/155/457 199/156/459
f 198/155/457 200/157/462 199/156/459
f 199/156/460 200/157/463 201/158/465
f 200/157/463 202/159/467 201/158/465
